0.0000         1.0000e+00     1.0000e+00     0.0000e+00     
0.0250         9.5000e-01     9.5185e-01     1.8544e-03     
0.0500         9.0378e-01     9.0734e-01     3.5562e-03     
0.0750         8.6122e-01     8.6633e-01     5.1158e-03     
0.1000         8.2219e-01     8.2873e-01     6.5432e-03     
0.1250         7.8658e-01     7.9443e-01     7.8476e-03     
0.1500         7.5428e-01     7.6332e-01     9.0377e-03     
0.1750         7.2519e-01     7.3531e-01     1.0122e-02     
0.2000         6.9921e-01     7.1032e-01     1.1107e-02     
0.2250         6.7625e-01     6.8825e-01     1.2001e-02     
0.2500         6.5622e-01     6.6903e-01     1.2810e-02     
0.2750         6.3904e-01     6.5257e-01     1.3540e-02     
0.3000         6.2461e-01     6.3881e-01     1.4197e-02     
0.3250         6.1288e-01     6.2767e-01     1.4787e-02     
0.3500         6.0377e-01     6.1909e-01     1.5314e-02     
0.3750         5.9721e-01     6.1299e-01     1.5784e-02     
0.4000         5.9313e-01     6.0933e-01     1.6201e-02     
0.4250         5.9147e-01     6.0804e-01     1.6568e-02     
0.4500         5.9218e-01     6.0907e-01     1.6890e-02     
0.4750         5.9520e-01     6.1237e-01     1.7171e-02     
0.5000         6.0047e-01     6.1788e-01     1.7412e-02     
