0.0000         1.0000e+00     1.0000e+00     0.0000e+00     
0.0500         9.0763e-01     9.0734e-01     -2.8758e-04    
0.1000         8.2926e-01     8.2873e-01     -5.3237e-04    
0.1500         7.6406e-01     7.6332e-01     -7.3991e-04    
0.2000         7.1124e-01     7.1032e-01     -9.1506e-04    
0.2500         6.7009e-01     6.6903e-01     -1.0621e-03    
0.3000         6.4000e-01     6.3881e-01     -1.1848e-03    
0.3500         6.2037e-01     6.1909e-01     -1.2865e-03    
0.4000         6.1070e-01     6.0933e-01     -1.3700e-03    
0.4500         6.1051e-01     6.0907e-01     -1.4379e-03    
0.5000         6.1937e-01     6.1788e-01     -1.4924e-03    
