0.0000         1.0000e+00     1.0000e+00     0.0000e+00     
0.0100         1.0099e+00     1.0099e+00     1.3128e-07     
0.0200         1.0198e+00     1.0198e+00     2.1222e-07     
0.0300         1.0295e+00     1.0295e+00     2.6261e-07     
0.0400         1.0392e+00     1.0392e+00     2.9444e-07     
0.0500         1.0487e+00     1.0487e+00     3.1500e-07     
0.0600         1.0582e+00     1.0582e+00     3.2870e-07     
0.0700         1.0675e+00     1.0675e+00     3.3824e-07     
0.0800         1.0767e+00     1.0767e+00     3.4522e-07     
0.0900         1.0858e+00     1.0858e+00     3.5065e-07     
0.1000         1.0948e+00     1.0948e+00     3.5512e-07     
0.1100         1.1037e+00     1.1037e+00     3.5899e-07     
0.1200         1.1125e+00     1.1125e+00     3.6249e-07     
0.1300         1.1212e+00     1.1212e+00     3.6574e-07     
0.1400         1.1298e+00     1.1298e+00     3.6883e-07     
0.1500         1.1382e+00     1.1382e+00     3.7181e-07     
0.1600         1.1465e+00     1.1465e+00     3.7471e-07     
0.1700         1.1548e+00     1.1548e+00     3.7754e-07     
0.1800         1.1629e+00     1.1629e+00     3.8031e-07     
0.1900         1.1709e+00     1.1709e+00     3.8304e-07     
0.2000         1.1787e+00     1.1787e+00     3.8572e-07     
0.2100         1.1865e+00     1.1865e+00     3.8836e-07     
0.2200         1.1941e+00     1.1941e+00     3.9096e-07     
0.2300         1.2016e+00     1.2016e+00     3.9352e-07     
0.2400         1.2090e+00     1.2090e+00     3.9603e-07     
0.2500         1.2163e+00     1.2163e+00     3.9851e-07     
0.2600         1.2235e+00     1.2235e+00     4.0095e-07     
0.2700         1.2305e+00     1.2305e+00     4.0335e-07     
0.2800         1.2374e+00     1.2374e+00     4.0570e-07     
0.2900         1.2442e+00     1.2442e+00     4.0802e-07     
0.3000         1.2509e+00     1.2509e+00     4.1029e-07     
0.3100         1.2574e+00     1.2574e+00     4.1253e-07     
0.3200         1.2638e+00     1.2638e+00     4.1472e-07     
0.3300         1.2701e+00     1.2701e+00     4.1687e-07     
0.3400         1.2762e+00     1.2762e+00     4.1898e-07     
0.3500         1.2823e+00     1.2823e+00     4.2105e-07     
0.3600         1.2882e+00     1.2882e+00     4.2308e-07     
0.3700         1.2939e+00     1.2939e+00     4.2506e-07     
0.3800         1.2996e+00     1.2996e+00     4.2700e-07     
0.3900         1.3051e+00     1.3051e+00     4.2890e-07     
0.4000         1.3105e+00     1.3105e+00     4.3075e-07     
0.4100         1.3157e+00     1.3157e+00     4.3257e-07     
0.4200         1.3208e+00     1.3208e+00     4.3434e-07     
0.4300         1.3258e+00     1.3258e+00     4.3606e-07     
0.4400         1.3307e+00     1.3307e+00     4.3774e-07     
0.4500         1.3354e+00     1.3354e+00     4.3938e-07     
0.4600         1.3400e+00     1.3400e+00     4.4098e-07     
0.4700         1.3445e+00     1.3445e+00     4.4253e-07     
0.4800         1.3488e+00     1.3488e+00     4.4403e-07     
0.4900         1.3530e+00     1.3530e+00     4.4549e-07     
0.5000         1.3570e+00     1.3570e+00     4.4691e-07     
0.5100         1.3609e+00     1.3609e+00     4.4828e-07     
0.5200         1.3647e+00     1.3647e+00     4.4961e-07     
0.5300         1.3683e+00     1.3683e+00     4.5089e-07     
0.5400         1.3718e+00     1.3718e+00     4.5213e-07     
0.5500         1.3752e+00     1.3752e+00     4.5332e-07     
0.5600         1.3784e+00     1.3784e+00     4.5447e-07     
0.5700         1.3815e+00     1.3815e+00     4.5557e-07     
0.5800         1.3845e+00     1.3845e+00     4.5663e-07     
0.5900         1.3873e+00     1.3873e+00     4.5764e-07     
0.6000         1.3900e+00     1.3900e+00     4.5860e-07     
0.6100         1.3925e+00     1.3925e+00     4.5952e-07     
0.6200         1.3949e+00     1.3949e+00     4.6039e-07     
0.6300         1.3972e+00     1.3972e+00     4.6122e-07     
0.6400         1.3993e+00     1.3993e+00     4.6200e-07     
0.6500         1.4013e+00     1.4013e+00     4.6273e-07     
0.6600         1.4031e+00     1.4031e+00     4.6342e-07     
0.6700         1.4048e+00     1.4048e+00     4.6406e-07     
0.6800         1.4064e+00     1.4064e+00     4.6466e-07     
0.6900         1.4078e+00     1.4078e+00     4.6521e-07     
0.7000         1.4091e+00     1.4091e+00     4.6571e-07     
0.7100         1.4102e+00     1.4102e+00     4.6617e-07     
0.7200         1.4112e+00     1.4112e+00     4.6658e-07     
0.7300         1.4120e+00     1.4120e+00     4.6694e-07     
0.7400         1.4128e+00     1.4128e+00     4.6725e-07     
0.7500         1.4133e+00     1.4133e+00     4.6752e-07     
0.7600         1.4138e+00     1.4138e+00     4.6774e-07     
0.7700         1.4140e+00     1.4140e+00     4.6792e-07     
0.7800         1.4142e+00     1.4142e+00     4.6805e-07     
0.7900         1.4142e+00     1.4142e+00     4.6813e-07     
0.8000         1.4141e+00     1.4141e+00     4.6817e-07     
0.8100         1.4138e+00     1.4138e+00     4.6815e-07     
0.8200         1.4134e+00     1.4134e+00     4.6810e-07     
0.8300         1.4128e+00     1.4128e+00     4.6799e-07     
0.8400         1.4121e+00     1.4121e+00     4.6784e-07     
0.8500         1.4113e+00     1.4113e+00     4.6764e-07     
0.8600         1.4103e+00     1.4103e+00     4.6739e-07     
0.8700         1.4092e+00     1.4092e+00     4.6710e-07     
0.8800         1.4079e+00     1.4079e+00     4.6676e-07     
0.8900         1.4065e+00     1.4065e+00     4.6638e-07     
0.9000         1.4049e+00     1.4049e+00     4.6594e-07     
0.9100         1.4032e+00     1.4032e+00     4.6546e-07     
0.9200         1.4014e+00     1.4014e+00     4.6494e-07     
0.9300         1.3995e+00     1.3995e+00     4.6437e-07     
0.9400         1.3973e+00     1.3973e+00     4.6375e-07     
0.9500         1.3951e+00     1.3951e+00     4.6308e-07     
0.9600         1.3927e+00     1.3927e+00     4.6237e-07     
0.9700         1.3902e+00     1.3902e+00     4.6161e-07     
0.9800         1.3875e+00     1.3875e+00     4.6081e-07     
0.9900         1.3847e+00     1.3847e+00     4.5996e-07     
1.0000         1.3818e+00     1.3818e+00     4.5907e-07     
1.0100         1.3787e+00     1.3787e+00     4.5812e-07     
1.0200         1.3755e+00     1.3755e+00     4.5714e-07     
1.0300         1.3721e+00     1.3721e+00     4.5610e-07     
1.0400         1.3686e+00     1.3686e+00     4.5502e-07     
1.0500         1.3650e+00     1.3650e+00     4.5390e-07     
1.0600         1.3612e+00     1.3612e+00     4.5273e-07     
1.0700         1.3573e+00     1.3573e+00     4.5152e-07     
1.0800         1.3533e+00     1.3533e+00     4.5026e-07     
1.0900         1.3491e+00     1.3491e+00     4.4895e-07     
1.1000         1.3448e+00     1.3448e+00     4.4760e-07     
1.1100         1.3404e+00     1.3404e+00     4.4621e-07     
1.1200         1.3358e+00     1.3358e+00     4.4477e-07     
1.1300         1.3311e+00     1.3311e+00     4.4328e-07     
1.1400         1.3262e+00     1.3262e+00     4.4175e-07     
1.1500         1.3213e+00     1.3213e+00     4.4018e-07     
1.1600         1.3161e+00     1.3161e+00     4.3857e-07     
1.1700         1.3109e+00     1.3109e+00     4.3691e-07     
1.1800         1.3055e+00     1.3055e+00     4.3520e-07     
1.1900         1.3000e+00     1.3000e+00     4.3345e-07     
1.2000         1.2944e+00     1.2944e+00     4.3166e-07     
1.2100         1.2886e+00     1.2886e+00     4.2983e-07     
1.2200         1.2827e+00     1.2827e+00     4.2795e-07     
1.2300         1.2767e+00     1.2767e+00     4.2603e-07     
1.2400         1.2706e+00     1.2706e+00     4.2407e-07     
1.2500         1.2643e+00     1.2643e+00     4.2207e-07     
1.2600         1.2579e+00     1.2579e+00     4.2002e-07     
1.2700         1.2514e+00     1.2514e+00     4.1793e-07     
1.2800         1.2447e+00     1.2447e+00     4.1580e-07     
1.2900         1.2380e+00     1.2380e+00     4.1363e-07     
1.3000         1.2311e+00     1.2311e+00     4.1141e-07     
1.3100         1.2240e+00     1.2240e+00     4.0916e-07     
1.3200         1.2169e+00     1.2169e+00     4.0686e-07     
1.3300         1.2096e+00     1.2096e+00     4.0453e-07     
1.3400         1.2022e+00     1.2022e+00     4.0215e-07     
1.3500         1.1947e+00     1.1947e+00     3.9973e-07     
1.3600         1.1871e+00     1.1871e+00     3.9728e-07     
1.3700         1.1794e+00     1.1794e+00     3.9478e-07     
1.3800         1.1715e+00     1.1715e+00     3.9224e-07     
1.3900         1.1635e+00     1.1635e+00     3.8967e-07     
1.4000         1.1554e+00     1.1554e+00     3.8705e-07     
1.4100         1.1472e+00     1.1472e+00     3.8440e-07     
1.4200         1.1389e+00     1.1389e+00     3.8171e-07     
1.4300         1.1304e+00     1.1304e+00     3.7898e-07     
1.4400         1.1219e+00     1.1219e+00     3.7621e-07     
1.4500         1.1132e+00     1.1132e+00     3.7341e-07     
1.4600         1.1044e+00     1.1044e+00     3.7056e-07     
1.4700         1.0955e+00     1.0956e+00     3.6768e-07     
1.4800         1.0866e+00     1.0866e+00     3.6477e-07     
1.4900         1.0774e+00     1.0774e+00     3.6181e-07     
1.5000         1.0682e+00     1.0682e+00     3.5882e-07     
1.5100         1.0589e+00     1.0589e+00     3.5580e-07     
1.5200         1.0495e+00     1.0495e+00     3.5274e-07     
1.5300         1.0400e+00     1.0400e+00     3.4964e-07     
1.5400         1.0303e+00     1.0303e+00     3.4651e-07     
1.5500         1.0206e+00     1.0206e+00     3.4335e-07     
1.5600         1.0107e+00     1.0107e+00     3.4015e-07     
1.5700         1.0008e+00     1.0008e+00     3.3691e-07     
1.5800         9.9075e-01     9.9075e-01     3.3365e-07     
1.5900         9.8061e-01     9.8061e-01     3.3035e-07     
1.6000         9.7037e-01     9.7037e-01     3.2701e-07     
1.6100         9.6004e-01     9.6004e-01     3.2364e-07     
1.6200         9.4961e-01     9.4961e-01     3.2025e-07     
1.6300         9.3908e-01     9.3908e-01     3.1681e-07     
1.6400         9.2846e-01     9.2846e-01     3.1335e-07     
1.6500         9.1774e-01     9.1774e-01     3.0986e-07     
1.6600         9.0694e-01     9.0694e-01     3.0633e-07     
1.6700         8.9604e-01     8.9604e-01     3.0278e-07     
1.6800         8.8506e-01     8.8506e-01     2.9919e-07     
1.6900         8.7398e-01     8.7398e-01     2.9558e-07     
1.7000         8.6282e-01     8.6282e-01     2.9193e-07     
1.7100         8.5157e-01     8.5157e-01     2.8826e-07     
1.7200         8.4024e-01     8.4024e-01     2.8455e-07     
1.7300         8.2882e-01     8.2882e-01     2.8082e-07     
1.7400         8.1732e-01     8.1732e-01     2.7706e-07     
1.7500         8.0574e-01     8.0574e-01     2.7327e-07     
1.7600         7.9408e-01     7.9408e-01     2.6946e-07     
1.7700         7.8234e-01     7.8234e-01     2.6562e-07     
1.7800         7.7052e-01     7.7052e-01     2.6175e-07     
1.7900         7.5862e-01     7.5862e-01     2.5785e-07     
1.8000         7.4665e-01     7.4665e-01     2.5393e-07     
1.8100         7.3460e-01     7.3460e-01     2.4999e-07     
1.8200         7.2248e-01     7.2248e-01     2.4602e-07     
1.8300         7.1028e-01     7.1028e-01     2.4202e-07     
1.8400         6.9802e-01     6.9802e-01     2.3800e-07     
1.8500         6.8568e-01     6.8568e-01     2.3396e-07     
1.8600         6.7328e-01     6.7328e-01     2.2989e-07     
1.8700         6.6081e-01     6.6081e-01     2.2580e-07     
1.8800         6.4828e-01     6.4828e-01     2.2169e-07     
1.8900         6.3567e-01     6.3568e-01     2.1755e-07     
1.9000         6.2301e-01     6.2301e-01     2.1340e-07     
1.9100         6.1028e-01     6.1028e-01     2.0922e-07     
1.9200         5.9750e-01     5.9750e-01     2.0502e-07     
1.9300         5.8465e-01     5.8465e-01     2.0080e-07     
1.9400         5.7174e-01     5.7174e-01     1.9656e-07     
1.9500         5.5878e-01     5.5878e-01     1.9230e-07     
1.9600         5.4576e-01     5.4576e-01     1.8803e-07     
1.9700         5.3269e-01     5.3269e-01     1.8373e-07     
1.9800         5.1956e-01     5.1956e-01     1.7941e-07     
1.9900         5.0638e-01     5.0638e-01     1.7508e-07     
2.0000         4.9315e-01     4.9315e-01     1.7073e-07     
2.0100         4.7987e-01     4.7987e-01     1.6636e-07     
2.0200         4.6654e-01     4.6654e-01     1.6198e-07     
2.0300         4.5317e-01     4.5317e-01     1.5758e-07     
2.0400         4.3975e-01     4.3975e-01     1.5316e-07     
2.0500         4.2629e-01     4.2629e-01     1.4873e-07     
2.0600         4.1278e-01     4.1278e-01     1.4428e-07     
2.0700         3.9924e-01     3.9924e-01     1.3982e-07     
2.0800         3.8565e-01     3.8565e-01     1.3535e-07     
2.0900         3.7203e-01     3.7203e-01     1.3086e-07     
2.1000         3.5836e-01     3.5836e-01     1.2636e-07     
2.1100         3.4466e-01     3.4467e-01     1.2184e-07     
2.1200         3.3093e-01     3.3093e-01     1.1732e-07     
2.1300         3.1717e-01     3.1717e-01     1.1278e-07     
2.1400         3.0337e-01     3.0337e-01     1.0823e-07     
2.1500         2.8954e-01     2.8954e-01     1.0367e-07     
2.1600         2.7568e-01     2.7568e-01     9.9099e-08     
2.1700         2.6180e-01     2.6180e-01     9.4519e-08     
2.1800         2.4789e-01     2.4789e-01     8.9929e-08     
2.1900         2.3395e-01     2.3395e-01     8.5330e-08     
2.2000         2.2000e-01     2.2000e-01     8.0723e-08     
2.2100         2.0601e-01     2.0601e-01     7.6107e-08     
2.2200         1.9201e-01     1.9201e-01     7.1484e-08     
2.2300         1.7799e-01     1.7799e-01     6.6854e-08     
2.2400         1.6395e-01     1.6395e-01     6.2217e-08     
2.2500         1.4990e-01     1.4990e-01     5.7574e-08     
2.2600         1.3583e-01     1.3583e-01     5.2925e-08     
2.2700         1.2175e-01     1.2175e-01     4.8271e-08     
2.2800         1.0765e-01     1.0765e-01     4.3612e-08     
2.2900         9.3545e-02     9.3545e-02     3.8948e-08     
2.3000         7.9429e-02     7.9429e-02     3.4281e-08     
2.3100         6.5306e-02     6.5306e-02     2.9610e-08     
2.3200         5.1176e-02     5.1176e-02     2.4936e-08     
2.3300         3.7040e-02     3.7040e-02     2.0260e-08     
2.3400         2.2901e-02     2.2901e-02     1.5582e-08     
2.3500         8.7603e-03     8.7603e-03     1.0902e-08     
2.3600         -5.3818e-03    -5.3818e-03    6.2213e-09     
2.3700         -1.9523e-02    -1.9523e-02    1.5398e-09     
2.3800         -3.3663e-02    -3.3663e-02    -3.1419e-09    
2.3900         -4.7799e-02    -4.7799e-02    -7.8232e-09    
2.4000         -6.1931e-02    -6.1931e-02    -1.2504e-08    
2.4100         -7.6056e-02    -7.6056e-02    -1.7183e-08    
2.4200         -9.0173e-02    -9.0173e-02    -2.1861e-08    
2.4300         -1.0428e-01    -1.0428e-01    -2.6536e-08    
2.4400         -1.1838e-01    -1.1838e-01    -3.1209e-08    
2.4500         -1.3247e-01    -1.3247e-01    -3.5878e-08    
2.4600         -1.4654e-01    -1.4654e-01    -4.0544e-08    
2.4700         -1.6060e-01    -1.6060e-01    -4.5206e-08    
2.4800         -1.7464e-01    -1.7464e-01    -4.9864e-08    
2.4900         -1.8867e-01    -1.8867e-01    -5.4516e-08    
2.5000         -2.0267e-01    -2.0267e-01    -5.9163e-08    
2.5100         -2.1666e-01    -2.1666e-01    -6.3804e-08    
2.5200         -2.3062e-01    -2.3062e-01    -6.8439e-08    
2.5300         -2.4456e-01    -2.4456e-01    -7.3067e-08    
2.5400         -2.5848e-01    -2.5848e-01    -7.7688e-08    
2.5500         -2.7237e-01    -2.7237e-01    -8.2300e-08    
2.5600         -2.8623e-01    -2.8623e-01    -8.6905e-08    
2.5700         -3.0007e-01    -3.0007e-01    -9.1501e-08    
2.5800         -3.1387e-01    -3.1387e-01    -9.6088e-08    
2.5900         -3.2765e-01    -3.2765e-01    -1.0066e-07    
2.6000         -3.4139e-01    -3.4139e-01    -1.0523e-07    
2.6100         -3.5509e-01    -3.5509e-01    -1.0979e-07    
2.6200         -3.6876e-01    -3.6877e-01    -1.1433e-07    
2.6300         -3.8240e-01    -3.8240e-01    -1.1887e-07    
2.6400         -3.9600e-01    -3.9600e-01    -1.2339e-07    
2.6500         -4.0955e-01    -4.0955e-01    -1.2790e-07    
2.6600         -4.2307e-01    -4.2307e-01    -1.3240e-07    
2.6700         -4.3654e-01    -4.3654e-01    -1.3688e-07    
2.6800         -4.4997e-01    -4.4997e-01    -1.4135e-07    
2.6900         -4.6335e-01    -4.6335e-01    -1.4581e-07    
2.7000         -4.7669e-01    -4.7669e-01    -1.5025e-07    
2.7100         -4.8998e-01    -4.8998e-01    -1.5468e-07    
2.7200         -5.0322e-01    -5.0322e-01    -1.5909e-07    
2.7300         -5.1642e-01    -5.1642e-01    -1.6348e-07    
2.7400         -5.2955e-01    -5.2955e-01    -1.6786e-07    
2.7500         -5.4264e-01    -5.4264e-01    -1.7222e-07    
2.7600         -5.5567e-01    -5.5567e-01    -1.7657e-07    
2.7700         -5.6865e-01    -5.6865e-01    -1.8089e-07    
2.7800         -5.8157e-01    -5.8157e-01    -1.8520e-07    
2.7900         -5.9443e-01    -5.9443e-01    -1.8949e-07    
2.8000         -6.0723e-01    -6.0723e-01    -1.9376e-07    
2.8100         -6.1998e-01    -6.1998e-01    -1.9802e-07    
2.8200         -6.3266e-01    -6.3266e-01    -2.0225e-07    
2.8300         -6.4527e-01    -6.4527e-01    -2.0646e-07    
2.8400         -6.5782e-01    -6.5782e-01    -2.1065e-07    
2.8500         -6.7031e-01    -6.7031e-01    -2.1482e-07    
2.8600         -6.8273e-01    -6.8273e-01    -2.1897e-07    
2.8700         -6.9508e-01    -6.9508e-01    -2.2310e-07    
2.8800         -7.0736e-01    -7.0736e-01    -2.2720e-07    
2.8900         -7.1957e-01    -7.1957e-01    -2.3129e-07    
2.9000         -7.3171e-01    -7.3171e-01    -2.3534e-07    
2.9100         -7.4377e-01    -7.4377e-01    -2.3938e-07    
2.9200         -7.5576e-01    -7.5577e-01    -2.4339e-07    
2.9300         -7.6768e-01    -7.6768e-01    -2.4738e-07    
2.9400         -7.7952e-01    -7.7952e-01    -2.5134e-07    
2.9500         -7.9128e-01    -7.9128e-01    -2.5528e-07    
2.9600         -8.0296e-01    -8.0296e-01    -2.5919e-07    
2.9700         -8.1456e-01    -8.1456e-01    -2.6307e-07    
2.9800         -8.2608e-01    -8.2608e-01    -2.6693e-07    
2.9900         -8.3752e-01    -8.3752e-01    -2.7077e-07    
3.0000         -8.4887e-01    -8.4887e-01    -2.7457e-07    
3.0100         -8.6014e-01    -8.6014e-01    -2.7835e-07    
3.0200         -8.7132e-01    -8.7132e-01    -2.8210e-07    
3.0300         -8.8242e-01    -8.8242e-01    -2.8582e-07    
3.0400         -8.9343e-01    -8.9343e-01    -2.8952e-07    
3.0500         -9.0434e-01    -9.0434e-01    -2.9318e-07    
3.0600         -9.1517e-01    -9.1517e-01    -2.9682e-07    
3.0700         -9.2591e-01    -9.2591e-01    -3.0042e-07    
3.0800         -9.3655e-01    -9.3655e-01    -3.0400e-07    
3.0900         -9.4710e-01    -9.4710e-01    -3.0754e-07    
3.1000         -9.5755e-01    -9.5755e-01    -3.1106e-07    
3.1100         -9.6791e-01    -9.6791e-01    -3.1454e-07    
3.1200         -9.7818e-01    -9.7818e-01    -3.1799e-07    
3.1300         -9.8834e-01    -9.8834e-01    -3.2141e-07    
3.1400         -9.9841e-01    -9.9841e-01    -3.2480e-07    
3.1500         -1.0084e+00    -1.0084e+00    -3.2816e-07    
3.1600         -1.0182e+00    -1.0182e+00    -3.3148e-07    
3.1700         -1.0280e+00    -1.0280e+00    -3.3477e-07    
3.1800         -1.0377e+00    -1.0377e+00    -3.3802e-07    
3.1900         -1.0472e+00    -1.0472e+00    -3.4125e-07    
3.2000         -1.0567e+00    -1.0567e+00    -3.4443e-07    
3.2100         -1.0660e+00    -1.0660e+00    -3.4759e-07    
3.2200         -1.0753e+00    -1.0753e+00    -3.5071e-07    
3.2300         -1.0844e+00    -1.0844e+00    -3.5379e-07    
3.2400         -1.0934e+00    -1.0934e+00    -3.5684e-07    
3.2500         -1.1023e+00    -1.1023e+00    -3.5985e-07    
3.2600         -1.1111e+00    -1.1111e+00    -3.6283e-07    
3.2700         -1.1198e+00    -1.1198e+00    -3.6577e-07    
3.2800         -1.1284e+00    -1.1284e+00    -3.6867e-07    
3.2900         -1.1369e+00    -1.1369e+00    -3.7154e-07    
3.3000         -1.1452e+00    -1.1452e+00    -3.7437e-07    
3.3100         -1.1535e+00    -1.1535e+00    -3.7716e-07    
3.3200         -1.1616e+00    -1.1616e+00    -3.7992e-07    
3.3300         -1.1696e+00    -1.1696e+00    -3.8263e-07    
3.3400         -1.1775e+00    -1.1775e+00    -3.8531e-07    
3.3500         -1.1853e+00    -1.1853e+00    -3.8795e-07    
3.3600         -1.1929e+00    -1.1929e+00    -3.9055e-07    
3.3700         -1.2005e+00    -1.2005e+00    -3.9311e-07    
3.3800         -1.2079e+00    -1.2079e+00    -3.9564e-07    
3.3900         -1.2152e+00    -1.2152e+00    -3.9812e-07    
3.4000         -1.2223e+00    -1.2223e+00    -4.0056e-07    
3.4100         -1.2294e+00    -1.2294e+00    -4.0297e-07    
3.4200         -1.2363e+00    -1.2363e+00    -4.0533e-07    
3.4300         -1.2431e+00    -1.2431e+00    -4.0765e-07    
3.4400         -1.2498e+00    -1.2498e+00    -4.0993e-07    
3.4500         -1.2564e+00    -1.2564e+00    -4.1218e-07    
3.4600         -1.2628e+00    -1.2628e+00    -4.1438e-07    
3.4700         -1.2691e+00    -1.2691e+00    -4.1653e-07    
3.4800         -1.2753e+00    -1.2753e+00    -4.1865e-07    
3.4900         -1.2813e+00    -1.2813e+00    -4.2072e-07    
3.5000         -1.2872e+00    -1.2872e+00    -4.2276e-07    
3.5100         -1.2930e+00    -1.2930e+00    -4.2475e-07    
3.5200         -1.2987e+00    -1.2987e+00    -4.2669e-07    
3.5300         -1.3042e+00    -1.3042e+00    -4.2860e-07    
3.5400         -1.3096e+00    -1.3096e+00    -4.3046e-07    
3.5500         -1.3149e+00    -1.3149e+00    -4.3228e-07    
3.5600         -1.3200e+00    -1.3200e+00    -4.3406e-07    
3.5700         -1.3251e+00    -1.3251e+00    -4.3579e-07    
3.5800         -1.3299e+00    -1.3299e+00    -4.3748e-07    
3.5900         -1.3347e+00    -1.3347e+00    -4.3912e-07    
3.6000         -1.3393e+00    -1.3393e+00    -4.4073e-07    
3.6100         -1.3438e+00    -1.3438e+00    -4.4228e-07    
3.6200         -1.3481e+00    -1.3481e+00    -4.4380e-07    
3.6300         -1.3523e+00    -1.3523e+00    -4.4526e-07    
3.6400         -1.3564e+00    -1.3564e+00    -4.4669e-07    
3.6500         -1.3603e+00    -1.3603e+00    -4.4807e-07    
3.6600         -1.3641e+00    -1.3641e+00    -4.4940e-07    
3.6700         -1.3678e+00    -1.3678e+00    -4.5069e-07    
3.6800         -1.3713e+00    -1.3713e+00    -4.5194e-07    
3.6900         -1.3747e+00    -1.3747e+00    -4.5314e-07    
3.7000         -1.3779e+00    -1.3779e+00    -4.5429e-07    
3.7100         -1.3810e+00    -1.3810e+00    -4.5540e-07    
3.7200         -1.3840e+00    -1.3840e+00    -4.5646e-07    
3.7300         -1.3869e+00    -1.3869e+00    -4.5748e-07    
3.7400         -1.3896e+00    -1.3896e+00    -4.5845e-07    
3.7500         -1.3921e+00    -1.3921e+00    -4.5938e-07    
3.7600         -1.3945e+00    -1.3945e+00    -4.6026e-07    
3.7700         -1.3968e+00    -1.3968e+00    -4.6109e-07    
3.7800         -1.3990e+00    -1.3990e+00    -4.6188e-07    
3.7900         -1.4010e+00    -1.4010e+00    -4.6262e-07    
3.8000         -1.4028e+00    -1.4028e+00    -4.6332e-07    
3.8100         -1.4045e+00    -1.4045e+00    -4.6396e-07    
3.8200         -1.4061e+00    -1.4061e+00    -4.6457e-07    
3.8300         -1.4076e+00    -1.4076e+00    -4.6512e-07    
3.8400         -1.4089e+00    -1.4089e+00    -4.6563e-07    
3.8500         -1.4100e+00    -1.4100e+00    -4.6610e-07    
3.8600         -1.4110e+00    -1.4110e+00    -4.6651e-07    
3.8700         -1.4119e+00    -1.4119e+00    -4.6688e-07    
3.8800         -1.4127e+00    -1.4127e+00    -4.6721e-07    
3.8900         -1.4132e+00    -1.4132e+00    -4.6748e-07    
3.9000         -1.4137e+00    -1.4137e+00    -4.6771e-07    
3.9100         -1.4140e+00    -1.4140e+00    -4.6790e-07    
3.9200         -1.4142e+00    -1.4142e+00    -4.6803e-07    
3.9300         -1.4142e+00    -1.4142e+00    -4.6812e-07    
3.9400         -1.4141e+00    -1.4141e+00    -4.6816e-07    
3.9500         -1.4138e+00    -1.4138e+00    -4.6816e-07    
3.9600         -1.4134e+00    -1.4134e+00    -4.6811e-07    
3.9700         -1.4129e+00    -1.4129e+00    -4.6801e-07    
3.9800         -1.4122e+00    -1.4122e+00    -4.6787e-07    
3.9900         -1.4114e+00    -1.4114e+00    -4.6767e-07    
4.0000         -1.4104e+00    -1.4104e+00    -4.6744e-07    
4.0100         -1.4093e+00    -1.4093e+00    -4.6715e-07    
4.0200         -1.4081e+00    -1.4081e+00    -4.6682e-07    
4.0300         -1.4067e+00    -1.4067e+00    -4.6644e-07    
4.0400         -1.4052e+00    -1.4052e+00    -4.6602e-07    
4.0500         -1.4035e+00    -1.4035e+00    -4.6554e-07    
4.0600         -1.4017e+00    -1.4017e+00    -4.6503e-07    
4.0700         -1.3998e+00    -1.3998e+00    -4.6446e-07    
4.0800         -1.3977e+00    -1.3977e+00    -4.6385e-07    
4.0900         -1.3955e+00    -1.3955e+00    -4.6319e-07    
4.1000         -1.3931e+00    -1.3931e+00    -4.6249e-07    
4.1100         -1.3906e+00    -1.3906e+00    -4.6174e-07    
4.1200         -1.3880e+00    -1.3880e+00    -4.6094e-07    
4.1300         -1.3852e+00    -1.3852e+00    -4.6010e-07    
4.1400         -1.3823e+00    -1.3823e+00    -4.5921e-07    
4.1500         -1.3792e+00    -1.3792e+00    -4.5828e-07    
4.1600         -1.3760e+00    -1.3760e+00    -4.5730e-07    
4.1700         -1.3727e+00    -1.3727e+00    -4.5627e-07    
4.1800         -1.3692e+00    -1.3692e+00    -4.5520e-07    
4.1900         -1.3656e+00    -1.3656e+00    -4.5408e-07    
4.2000         -1.3618e+00    -1.3618e+00    -4.5292e-07    
4.2100         -1.3580e+00    -1.3580e+00    -4.5171e-07    
4.2200         -1.3539e+00    -1.3539e+00    -4.5046e-07    
4.2300         -1.3498e+00    -1.3498e+00    -4.4916e-07    
4.2400         -1.3455e+00    -1.3455e+00    -4.4782e-07    
4.2500         -1.3411e+00    -1.3411e+00    -4.4643e-07    
4.2600         -1.3365e+00    -1.3365e+00    -4.4500e-07    
4.2700         -1.3318e+00    -1.3318e+00    -4.4352e-07    
4.2800         -1.3270e+00    -1.3270e+00    -4.4200e-07    
4.2900         -1.3221e+00    -1.3221e+00    -4.4044e-07    
4.3000         -1.3170e+00    -1.3170e+00    -4.3883e-07    
4.3100         -1.3117e+00    -1.3117e+00    -4.3717e-07    
4.3200         -1.3064e+00    -1.3064e+00    -4.3548e-07    
4.3300         -1.3009e+00    -1.3009e+00    -4.3374e-07    
4.3400         -1.2953e+00    -1.2953e+00    -4.3195e-07    
4.3500         -1.2896e+00    -1.2896e+00    -4.3012e-07    
4.3600         -1.2837e+00    -1.2837e+00    -4.2825e-07    
4.3700         -1.2777e+00    -1.2777e+00    -4.2634e-07    
4.3800         -1.2716e+00    -1.2716e+00    -4.2439e-07    
4.3900         -1.2653e+00    -1.2653e+00    -4.2239e-07    
4.4000         -1.2589e+00    -1.2589e+00    -4.2035e-07    
4.4100         -1.2524e+00    -1.2524e+00    -4.1827e-07    
4.4200         -1.2458e+00    -1.2458e+00    -4.1614e-07    
4.4300         -1.2390e+00    -1.2390e+00    -4.1398e-07    
4.4400         -1.2322e+00    -1.2322e+00    -4.1177e-07    
4.4500         -1.2252e+00    -1.2252e+00    -4.0952e-07    
4.4600         -1.2180e+00    -1.2180e+00    -4.0723e-07    
4.4700         -1.2108e+00    -1.2108e+00    -4.0490e-07    
4.4800         -1.2034e+00    -1.2034e+00    -4.0253e-07    
4.4900         -1.1959e+00    -1.1959e+00    -4.0012e-07    
4.5000         -1.1883e+00    -1.1883e+00    -3.9767e-07    
4.5100         -1.1806e+00    -1.1806e+00    -3.9518e-07    
4.5200         -1.1728e+00    -1.1728e+00    -3.9265e-07    
4.5300         -1.1648e+00    -1.1648e+00    -3.9008e-07    
4.5400         -1.1567e+00    -1.1567e+00    -3.8747e-07    
4.5500         -1.1485e+00    -1.1485e+00    -3.8482e-07    
4.5600         -1.1402e+00    -1.1402e+00    -3.8214e-07    
4.5700         -1.1318e+00    -1.1318e+00    -3.7942e-07    
4.5800         -1.1233e+00    -1.1233e+00    -3.7665e-07    
4.5900         -1.1146e+00    -1.1146e+00    -3.7385e-07    
4.6000         -1.1058e+00    -1.1058e+00    -3.7102e-07    
4.6100         -1.0970e+00    -1.0970e+00    -3.6814e-07    
4.6200         -1.0880e+00    -1.0880e+00    -3.6523e-07    
4.6300         -1.0789e+00    -1.0789e+00    -3.6229e-07    
4.6400         -1.0697e+00    -1.0697e+00    -3.5930e-07    
4.6500         -1.0604e+00    -1.0604e+00    -3.5628e-07    
4.6600         -1.0510e+00    -1.0510e+00    -3.5323e-07    
4.6700         -1.0415e+00    -1.0415e+00    -3.5014e-07    
4.6800         -1.0319e+00    -1.0319e+00    -3.4701e-07    
4.6900         -1.0221e+00    -1.0221e+00    -3.4385e-07    
4.7000         -1.0123e+00    -1.0123e+00    -3.4066e-07    
4.7100         -1.0024e+00    -1.0024e+00    -3.3743e-07    
4.7200         -9.9236e-01    -9.9236e-01    -3.3417e-07    
4.7300         -9.8223e-01    -9.8223e-01    -3.3087e-07    
4.7400         -9.7201e-01    -9.7201e-01    -3.2754e-07    
4.7500         -9.6169e-01    -9.6169e-01    -3.2418e-07    
4.7600         -9.5127e-01    -9.5127e-01    -3.2079e-07    
4.7700         -9.4076e-01    -9.4076e-01    -3.1736e-07    
4.7800         -9.3016e-01    -9.3016e-01    -3.1391e-07    
4.7900         -9.1946e-01    -9.1946e-01    -3.1042e-07    
4.8000         -9.0867e-01    -9.0867e-01    -3.0690e-07    
4.8100         -8.9778e-01    -8.9778e-01    -3.0335e-07    
4.8200         -8.8681e-01    -8.8681e-01    -2.9976e-07    
4.8300         -8.7575e-01    -8.7575e-01    -2.9615e-07    
4.8400         -8.6460e-01    -8.6460e-01    -2.9251e-07    
4.8500         -8.5337e-01    -8.5337e-01    -2.8884e-07    
4.8600         -8.4205e-01    -8.4205e-01    -2.8514e-07    
4.8700         -8.3065e-01    -8.3065e-01    -2.8142e-07    
4.8800         -8.1916e-01    -8.1916e-01    -2.7766e-07    
4.8900         -8.0759e-01    -8.0759e-01    -2.7388e-07    
4.9000         -7.9594e-01    -7.9594e-01    -2.7007e-07    
4.9100         -7.8421e-01    -7.8421e-01    -2.6623e-07    
4.9200         -7.7240e-01    -7.7240e-01    -2.6237e-07    
4.9300         -7.6052e-01    -7.6052e-01    -2.5848e-07    
4.9400         -7.4856e-01    -7.4856e-01    -2.5456e-07    
4.9500         -7.3652e-01    -7.3652e-01    -2.5062e-07    
4.9600         -7.2441e-01    -7.2441e-01    -2.4665e-07    
4.9700         -7.1223e-01    -7.1223e-01    -2.4266e-07    
4.9800         -6.9998e-01    -6.9998e-01    -2.3864e-07    
4.9900         -6.8765e-01    -6.8765e-01    -2.3460e-07    
5.0000         -6.7526e-01    -6.7526e-01    -2.3054e-07    
5.0100         -6.6280e-01    -6.6280e-01    -2.2645e-07    
5.0200         -6.5028e-01    -6.5028e-01    -2.2235e-07    
5.0300         -6.3769e-01    -6.3769e-01    -2.1821e-07    
5.0400         -6.2503e-01    -6.2503e-01    -2.1406e-07    
5.0500         -6.1231e-01    -6.1231e-01    -2.0989e-07    
5.0600         -5.9954e-01    -5.9954e-01    -2.0569e-07    
5.0700         -5.8670e-01    -5.8670e-01    -2.0148e-07    
5.0800         -5.7380e-01    -5.7380e-01    -1.9724e-07    
5.0900         -5.6085e-01    -5.6085e-01    -1.9298e-07    
5.1000         -5.4784e-01    -5.4784e-01    -1.8871e-07    
5.1100         -5.3477e-01    -5.3477e-01    -1.8442e-07    
5.1200         -5.2165e-01    -5.2165e-01    -1.8010e-07    
5.1300         -5.0848e-01    -5.0848e-01    -1.7577e-07    
5.1400         -4.9526e-01    -4.9526e-01    -1.7143e-07    
5.1500         -4.8199e-01    -4.8199e-01    -1.6706e-07    
5.1600         -4.6867e-01    -4.6867e-01    -1.6268e-07    
5.1700         -4.5530e-01    -4.5530e-01    -1.5828e-07    
5.1800         -4.4189e-01    -4.4189e-01    -1.5387e-07    
5.1900         -4.2844e-01    -4.2844e-01    -1.4944e-07    
5.2000         -4.1494e-01    -4.1494e-01    -1.4499e-07    
5.2100         -4.0140e-01    -4.0140e-01    -1.4053e-07    
5.2200         -3.8782e-01    -3.8782e-01    -1.3606e-07    
5.2300         -3.7420e-01    -3.7420e-01    -1.3158e-07    
5.2400         -3.6054e-01    -3.6054e-01    -1.2708e-07    
5.2500         -3.4685e-01    -3.4685e-01    -1.2256e-07    
5.2600         -3.3312e-01    -3.3312e-01    -1.1804e-07    
5.2700         -3.1936e-01    -3.1936e-01    -1.1350e-07    
5.2800         -3.0557e-01    -3.0557e-01    -1.0896e-07    
5.2900         -2.9175e-01    -2.9175e-01    -1.0440e-07    
5.3000         -2.7789e-01    -2.7789e-01    -9.9828e-08    
5.3100         -2.6401e-01    -2.6401e-01    -9.5249e-08    
5.3200         -2.5011e-01    -2.5011e-01    -9.0661e-08    
5.3300         -2.3617e-01    -2.3618e-01    -8.6063e-08    
5.3400         -2.2222e-01    -2.2222e-01    -8.1457e-08    
5.3500         -2.0824e-01    -2.0824e-01    -7.6843e-08    
5.3600         -1.9424e-01    -1.9424e-01    -7.2221e-08    
5.3700         -1.8023e-01    -1.8023e-01    -6.7592e-08    
5.3800         -1.6619e-01    -1.6619e-01    -6.2956e-08    
5.3900         -1.5214e-01    -1.5214e-01    -5.8314e-08    
5.4000         -1.3807e-01    -1.3807e-01    -5.3666e-08    
5.4100         -1.2399e-01    -1.2399e-01    -4.9012e-08    
5.4200         -1.0990e-01    -1.0990e-01    -4.4354e-08    
5.4300         -9.5792e-02    -9.5792e-02    -3.9691e-08    
5.4400         -8.1678e-02    -8.1678e-02    -3.5024e-08    
5.4500         -6.7555e-02    -6.7556e-02    -3.0354e-08    
5.4600         -5.3426e-02    -5.3426e-02    -2.5681e-08    
5.4700         -3.9292e-02    -3.9292e-02    -2.1005e-08    
5.4800         -2.5153e-02    -2.5153e-02    -1.6327e-08    
5.4900         -1.1013e-02    -1.1013e-02    -1.1648e-08    
5.5000         3.1295e-03     3.1294e-03     -6.9668e-09    
5.5100         1.7271e-02     1.7271e-02     -2.2854e-09    
5.5200         3.1411e-02     3.1411e-02     2.3962e-09     
5.5300         4.5548e-02     4.5548e-02     7.0776e-09     
5.5400         5.9680e-02     5.9680e-02     1.1758e-08     
5.5500         7.3807e-02     7.3807e-02     1.6438e-08     
5.5600         8.7925e-02     8.7926e-02     2.1116e-08     
5.5700         1.0204e-01     1.0204e-01     2.5792e-08     
5.5800         1.1614e-01     1.1614e-01     3.0465e-08     
5.5900         1.3022e-01     1.3022e-01     3.5135e-08     
5.6000         1.4430e-01     1.4430e-01     3.9802e-08     
5.6100         1.5836e-01     1.5836e-01     4.4464e-08     
5.6200         1.7241e-01     1.7241e-01     4.9122e-08     
5.6300         1.8643e-01     1.8643e-01     5.3776e-08     
5.6400         2.0044e-01     2.0044e-01     5.8424e-08     
5.6500         2.1443e-01     2.1443e-01     6.3066e-08     
5.6600         2.2840e-01     2.2840e-01     6.7701e-08     
5.6700         2.4234e-01     2.4234e-01     7.2330e-08     
5.6800         2.5626e-01     2.5626e-01     7.6952e-08     
5.6900         2.7016e-01     2.7016e-01     8.1566e-08     
5.7000         2.8403e-01     2.8403e-01     8.6172e-08     
5.7100         2.9787e-01     2.9787e-01     9.0769e-08     
5.7200         3.1168e-01     3.1168e-01     9.5358e-08     
5.7300         3.2546e-01     3.2546e-01     9.9936e-08     
5.7400         3.3920e-01     3.3920e-01     1.0451e-07     
5.7500         3.5291e-01     3.5291e-01     1.0906e-07     
5.7600         3.6659e-01     3.6659e-01     1.1361e-07     
5.7700         3.8023e-01     3.8023e-01     1.1815e-07     
5.7800         3.9383e-01     3.9383e-01     1.2267e-07     
5.7900         4.0740e-01     4.0740e-01     1.2718e-07     
5.8000         4.2092e-01     4.2092e-01     1.3168e-07     
5.8100         4.3440e-01     4.3440e-01     1.3617e-07     
5.8200         4.4783e-01     4.4783e-01     1.4064e-07     
5.8300         4.6123e-01     4.6123e-01     1.4510e-07     
5.8400         4.7457e-01     4.7457e-01     1.4954e-07     
5.8500         4.8787e-01     4.8787e-01     1.5397e-07     
5.8600         5.0112e-01     5.0112e-01     1.5838e-07     
5.8700         5.1432e-01     5.1432e-01     1.6278e-07     
5.8800         5.2747e-01     5.2747e-01     1.6716e-07     
5.8900         5.4056e-01     5.4056e-01     1.7153e-07     
5.9000         5.5360e-01     5.5360e-01     1.7588e-07     
5.9100         5.6659e-01     5.6659e-01     1.8021e-07     
5.9200         5.7952e-01     5.7952e-01     1.8452e-07     
5.9300         5.9239e-01     5.9239e-01     1.8881e-07     
5.9400         6.0520e-01     6.0520e-01     1.9309e-07     
5.9500         6.1795e-01     6.1795e-01     1.9734e-07     
5.9600         6.3064e-01     6.3064e-01     2.0158e-07     
5.9700         6.4327e-01     6.4327e-01     2.0579e-07     
5.9800         6.5583e-01     6.5583e-01     2.0999e-07     
5.9900         6.6832e-01     6.6833e-01     2.1416e-07     
6.0000         6.8075e-01     6.8075e-01     2.1831e-07     
6.0100         6.9312e-01     6.9312e-01     2.2244e-07     
6.0200         7.0541e-01     7.0541e-01     2.2655e-07     
6.0300         7.1763e-01     7.1763e-01     2.3064e-07     
6.0400         7.2978e-01     7.2978e-01     2.3470e-07     
6.0500         7.4186e-01     7.4186e-01     2.3874e-07     
6.0600         7.5386e-01     7.5386e-01     2.4275e-07     
6.0700         7.6579e-01     7.6579e-01     2.4674e-07     
6.0800         7.7764e-01     7.7764e-01     2.5071e-07     
6.0900         7.8941e-01     7.8941e-01     2.5465e-07     
6.1000         8.0111e-01     8.0111e-01     2.5857e-07     
6.1100         8.1272e-01     8.1272e-01     2.6246e-07     
6.1200         8.2425e-01     8.2425e-01     2.6632e-07     
6.1300         8.3570e-01     8.3570e-01     2.7016e-07     
6.1400         8.4707e-01     8.4707e-01     2.7397e-07     
6.1500         8.5835e-01     8.5835e-01     2.7775e-07     
6.1600         8.6955e-01     8.6955e-01     2.8151e-07     
6.1700         8.8066e-01     8.8066e-01     2.8523e-07     
6.1800         8.9168e-01     8.9168e-01     2.8893e-07     
6.1900         9.0261e-01     9.0261e-01     2.9260e-07     
6.2000         9.1345e-01     9.1345e-01     2.9624e-07     
6.2100         9.2420e-01     9.2420e-01     2.9985e-07     
6.2200         9.3486e-01     9.3486e-01     3.0343e-07     
6.2300         9.4543e-01     9.4543e-01     3.0698e-07     
6.2400         9.5590e-01     9.5590e-01     3.1050e-07     
6.2500         9.6627e-01     9.6627e-01     3.1399e-07     
6.2600         9.7655e-01     9.7655e-01     3.1744e-07     
6.2700         9.8673e-01     9.8673e-01     3.2087e-07     
6.2800         9.9681e-01     9.9681e-01     3.2426e-07     
6.2900         1.0068e+00     1.0068e+00     3.2762e-07     
6.3000         1.0167e+00     1.0167e+00     3.3095e-07     
6.3100         1.0265e+00     1.0265e+00     3.3425e-07     
6.3200         1.0361e+00     1.0361e+00     3.3751e-07     
6.3300         1.0457e+00     1.0457e+00     3.4074e-07     
6.3400         1.0552e+00     1.0552e+00     3.4393e-07     
6.3500         1.0645e+00     1.0645e+00     3.4709e-07     
6.3600         1.0738e+00     1.0738e+00     3.5021e-07     
6.3700         1.0829e+00     1.0829e+00     3.5330e-07     
6.3800         1.0920e+00     1.0920e+00     3.5636e-07     
6.3900         1.1009e+00     1.1009e+00     3.5937e-07     
6.4000         1.1097e+00     1.1097e+00     3.6236e-07     
6.4100         1.1184e+00     1.1184e+00     3.6530e-07     
6.4200         1.1270e+00     1.1270e+00     3.6821e-07     
6.4300         1.1355e+00     1.1355e+00     3.7109e-07     
6.4400         1.1439e+00     1.1439e+00     3.7392e-07     
6.4500         1.1522e+00     1.1522e+00     3.7672e-07     
6.4600         1.1603e+00     1.1603e+00     3.7948e-07     
6.4700         1.1683e+00     1.1683e+00     3.8220e-07     
6.4800         1.1762e+00     1.1762e+00     3.8489e-07     
6.4900         1.1840e+00     1.1840e+00     3.8753e-07     
6.5000         1.1917e+00     1.1917e+00     3.9014e-07     
6.5100         1.1993e+00     1.1993e+00     3.9271e-07     
6.5200         1.2067e+00     1.2067e+00     3.9524e-07     
6.5300         1.2140e+00     1.2140e+00     3.9773e-07     
6.5400         1.2212e+00     1.2212e+00     4.0018e-07     
6.5500         1.2283e+00     1.2283e+00     4.0259e-07     
6.5600         1.2352e+00     1.2352e+00     4.0496e-07     
6.5700         1.2420e+00     1.2420e+00     4.0729e-07     
6.5800         1.2487e+00     1.2487e+00     4.0957e-07     
6.5900         1.2553e+00     1.2553e+00     4.1182e-07     
6.6000         1.2618e+00     1.2618e+00     4.1403e-07     
6.6100         1.2681e+00     1.2681e+00     4.1619e-07     
6.6200         1.2743e+00     1.2743e+00     4.1832e-07     
6.6300         1.2804e+00     1.2804e+00     4.2040e-07     
6.6400         1.2863e+00     1.2863e+00     4.2244e-07     
6.6500         1.2921e+00     1.2921e+00     4.2443e-07     
6.6600         1.2978e+00     1.2978e+00     4.2639e-07     
6.6700         1.3034e+00     1.3034e+00     4.2830e-07     
6.6800         1.3088e+00     1.3088e+00     4.3017e-07     
6.6900         1.3141e+00     1.3141e+00     4.3199e-07     
6.7000         1.3192e+00     1.3192e+00     4.3378e-07     
6.7100         1.3243e+00     1.3243e+00     4.3552e-07     
6.7200         1.3292e+00     1.3292e+00     4.3721e-07     
6.7300         1.3339e+00     1.3339e+00     4.3886e-07     
6.7400         1.3386e+00     1.3386e+00     4.4047e-07     
6.7500         1.3430e+00     1.3431e+00     4.4204e-07     
6.7600         1.3474e+00     1.3474e+00     4.4356e-07     
6.7700         1.3516e+00     1.3516e+00     4.4503e-07     
6.7800         1.3557e+00     1.3557e+00     4.4646e-07     
6.7900         1.3597e+00     1.3597e+00     4.4785e-07     
6.8000         1.3635e+00     1.3635e+00     4.4919e-07     
6.8100         1.3672e+00     1.3672e+00     4.5049e-07     
6.8200         1.3707e+00     1.3707e+00     4.5174e-07     
6.8300         1.3742e+00     1.3742e+00     4.5295e-07     
6.8400         1.3774e+00     1.3774e+00     4.5411e-07     
6.8500         1.3806e+00     1.3806e+00     4.5523e-07     
6.8600         1.3836e+00     1.3836e+00     4.5630e-07     
6.8700         1.3864e+00     1.3864e+00     4.5732e-07     
6.8800         1.3891e+00     1.3891e+00     4.5830e-07     
6.8900         1.3917e+00     1.3917e+00     4.5923e-07     
6.9000         1.3942e+00     1.3942e+00     4.6012e-07     
6.9100         1.3965e+00     1.3965e+00     4.6096e-07     
6.9200         1.3986e+00     1.3986e+00     4.6176e-07     
6.9300         1.4007e+00     1.4007e+00     4.6251e-07     
6.9400         1.4025e+00     1.4025e+00     4.6321e-07     
6.9500         1.4043e+00     1.4043e+00     4.6386e-07     
6.9600         1.4059e+00     1.4059e+00     4.6447e-07     
6.9700         1.4073e+00     1.4073e+00     4.6504e-07     
6.9800         1.4087e+00     1.4087e+00     4.6556e-07     
6.9900         1.4098e+00     1.4098e+00     4.6603e-07     
7.0000         1.4109e+00     1.4109e+00     4.6645e-07     
7.0100         1.4118e+00     1.4118e+00     4.6683e-07     
7.0200         1.4125e+00     1.4125e+00     4.6716e-07     
7.0300         1.4132e+00     1.4132e+00     4.6744e-07     
7.0400         1.4136e+00     1.4136e+00     4.6768e-07     
7.0500         1.4140e+00     1.4140e+00     4.6787e-07     
7.0600         1.4142e+00     1.4142e+00     4.6801e-07     
7.0700         1.4142e+00     1.4142e+00     4.6811e-07     
7.0800         1.4141e+00     1.4141e+00     4.6816e-07     
7.0900         1.4139e+00     1.4139e+00     4.6816e-07     
7.1000         1.4135e+00     1.4135e+00     4.6812e-07     
7.1100         1.4130e+00     1.4130e+00     4.6803e-07     
7.1200         1.4123e+00     1.4123e+00     4.6789e-07     
7.1300         1.4115e+00     1.4115e+00     4.6771e-07     
7.1400         1.4106e+00     1.4106e+00     4.6748e-07     
7.1500         1.4095e+00     1.4095e+00     4.6720e-07     
7.1600         1.4083e+00     1.4083e+00     4.6687e-07     
7.1700         1.4069e+00     1.4069e+00     4.6650e-07     
7.1800         1.4054e+00     1.4054e+00     4.6609e-07     
7.1900         1.4038e+00     1.4038e+00     4.6562e-07     
7.2000         1.4020e+00     1.4020e+00     4.6511e-07     
7.2100         1.4001e+00     1.4001e+00     4.6455e-07     
7.2200         1.3980e+00     1.3980e+00     4.6395e-07     
7.2300         1.3958e+00     1.3958e+00     4.6330e-07     
7.2400         1.3935e+00     1.3935e+00     4.6260e-07     
7.2500         1.3910e+00     1.3910e+00     4.6186e-07     
7.2600         1.3884e+00     1.3884e+00     4.6107e-07     
7.2700         1.3856e+00     1.3856e+00     4.6024e-07     
7.2800         1.3827e+00     1.3827e+00     4.5936e-07     
7.2900         1.3797e+00     1.3797e+00     4.5843e-07     
7.3000         1.3765e+00     1.3765e+00     4.5746e-07     
7.3100         1.3732e+00     1.3732e+00     4.5644e-07     
7.3200         1.3698e+00     1.3698e+00     4.5537e-07     
7.3300         1.3662e+00     1.3662e+00     4.5426e-07     
7.3400         1.3624e+00     1.3624e+00     4.5311e-07     
7.3500         1.3586e+00     1.3586e+00     4.5191e-07     
7.3600         1.3546e+00     1.3546e+00     4.5066e-07     
7.3700         1.3505e+00     1.3505e+00     4.4937e-07     
7.3800         1.3462e+00     1.3462e+00     4.4804e-07     
7.3900         1.3418e+00     1.3418e+00     4.4665e-07     
7.4000         1.3373e+00     1.3373e+00     4.4523e-07     
7.4100         1.3326e+00     1.3326e+00     4.4376e-07     
7.4200         1.3278e+00     1.3278e+00     4.4225e-07     
7.4300         1.3229e+00     1.3229e+00     4.4069e-07     
7.4400         1.3178e+00     1.3178e+00     4.3909e-07     
7.4500         1.3126e+00     1.3126e+00     4.3744e-07     
7.4600         1.3073e+00     1.3073e+00     4.3575e-07     
7.4700         1.3018e+00     1.3018e+00     4.3402e-07     
7.4800         1.2962e+00     1.2962e+00     4.3224e-07     
7.4900         1.2905e+00     1.2905e+00     4.3042e-07     
7.5000         1.2846e+00     1.2846e+00     4.2856e-07     
7.5100         1.2787e+00     1.2787e+00     4.2665e-07     
7.5200         1.2726e+00     1.2726e+00     4.2470e-07     
7.5300         1.2663e+00     1.2663e+00     4.2271e-07     
7.5400         1.2600e+00     1.2600e+00     4.2068e-07     
7.5500         1.2535e+00     1.2535e+00     4.1860e-07     
7.5600         1.2469e+00     1.2469e+00     4.1648e-07     
7.5700         1.2401e+00     1.2401e+00     4.1432e-07     
7.5800         1.2333e+00     1.2333e+00     4.1212e-07     
7.5900         1.2263e+00     1.2263e+00     4.0988e-07     
7.6000         1.2192e+00     1.2192e+00     4.0760e-07     
7.6100         1.2120e+00     1.2120e+00     4.0528e-07     
7.6200         1.2046e+00     1.2046e+00     4.0291e-07     
7.6300         1.1971e+00     1.1971e+00     4.0051e-07     
7.6400         1.1895e+00     1.1895e+00     3.9806e-07     
7.6500         1.1818e+00     1.1818e+00     3.9558e-07     
7.6600         1.1740e+00     1.1740e+00     3.9305e-07     
7.6700         1.1661e+00     1.1661e+00     3.9049e-07     
7.6800         1.1580e+00     1.1580e+00     3.8789e-07     
7.6900         1.1498e+00     1.1498e+00     3.8525e-07     
7.7000         1.1415e+00     1.1415e+00     3.8257e-07     
7.7100         1.1331e+00     1.1331e+00     3.7985e-07     
7.7200         1.1246e+00     1.1246e+00     3.7710e-07     
7.7300         1.1160e+00     1.1160e+00     3.7430e-07     
7.7400         1.1072e+00     1.1072e+00     3.7147e-07     
7.7500         1.0984e+00     1.0984e+00     3.6860e-07     
7.7600         1.0894e+00     1.0894e+00     3.6570e-07     
7.7700         1.0804e+00     1.0804e+00     3.6276e-07     
7.7800         1.0712e+00     1.0712e+00     3.5978e-07     
7.7900         1.0619e+00     1.0619e+00     3.5677e-07     
7.8000         1.0525e+00     1.0525e+00     3.5372e-07     
7.8100         1.0430e+00     1.0430e+00     3.5063e-07     
7.8200         1.0334e+00     1.0334e+00     3.4751e-07     
7.8300         1.0237e+00     1.0237e+00     3.4436e-07     
7.8400         1.0139e+00     1.0139e+00     3.4117e-07     
7.8500         1.0040e+00     1.0040e+00     3.3795e-07     
7.8600         9.9396e-01     9.9396e-01     3.3469e-07     
7.8700         9.8385e-01     9.8385e-01     3.3140e-07     
7.8800         9.7365e-01     9.7365e-01     3.2808e-07     
7.8900         9.6334e-01     9.6334e-01     3.2472e-07     
7.9000         9.5294e-01     9.5294e-01     3.2133e-07     
7.9100         9.4244e-01     9.4244e-01     3.1791e-07     
7.9200         9.3185e-01     9.3185e-01     3.1446e-07     
7.9300         9.2117e-01     9.2117e-01     3.1097e-07     
7.9400         9.1039e-01     9.1039e-01     3.0746e-07     
7.9500         8.9952e-01     8.9952e-01     3.0391e-07     
7.9600         8.8857e-01     8.8857e-01     3.0034e-07     
7.9700         8.7752e-01     8.7752e-01     2.9673e-07     
7.9800         8.6638e-01     8.6639e-01     2.9309e-07     
7.9900         8.5516e-01     8.5516e-01     2.8943e-07     
8.0000         8.4386e-01     8.4386e-01     2.8574e-07     
8.0100         8.3247e-01     8.3247e-01     2.8201e-07     
8.0200         8.2099e-01     8.2099e-01     2.7826e-07     
8.0300         8.0944e-01     8.0944e-01     2.7448e-07     
8.0400         7.9780e-01     7.9780e-01     2.7068e-07     
8.0500         7.8608e-01     7.8608e-01     2.6684e-07     
8.0600         7.7429e-01     7.7429e-01     2.6298e-07     
8.0700         7.6242e-01     7.6242e-01     2.5910e-07     
8.0800         7.5047e-01     7.5047e-01     2.5518e-07     
8.0900         7.3844e-01     7.3844e-01     2.5125e-07     
8.1000         7.2635e-01     7.2635e-01     2.4728e-07     
8.1100         7.1417e-01     7.1418e-01     2.4330e-07     
8.1200         7.0193e-01     7.0193e-01     2.3928e-07     
8.1300         6.8962e-01     6.8962e-01     2.3525e-07     
8.1400         6.7724e-01     6.7724e-01     2.3119e-07     
8.1500         6.6479e-01     6.6479e-01     2.2711e-07     
8.1600         6.5228e-01     6.5228e-01     2.2300e-07     
8.1700         6.3970e-01     6.3970e-01     2.1887e-07     
8.1800         6.2705e-01     6.2705e-01     2.1472e-07     
8.1900         6.1434e-01     6.1434e-01     2.1055e-07     
8.2000         6.0158e-01     6.0158e-01     2.0636e-07     
8.2100         5.8875e-01     5.8875e-01     2.0215e-07     
8.2200         5.7586e-01     5.7586e-01     1.9792e-07     
8.2300         5.6291e-01     5.6291e-01     1.9366e-07     
8.2400         5.4991e-01     5.4991e-01     1.8939e-07     
8.2500         5.3686e-01     5.3686e-01     1.8510e-07     
8.2600         5.2375e-01     5.2375e-01     1.8079e-07     
8.2700         5.1058e-01     5.1058e-01     1.7646e-07     
8.2800         4.9737e-01     4.9737e-01     1.7212e-07     
8.2900         4.8411e-01     4.8411e-01     1.6776e-07     
8.3000         4.7079e-01     4.7079e-01     1.6338e-07     
8.3100         4.5744e-01     4.5744e-01     1.5898e-07     
8.3200         4.4403e-01     4.4403e-01     1.5457e-07     
8.3300         4.3058e-01     4.3058e-01     1.5014e-07     
8.3400         4.1709e-01     4.1709e-01     1.4570e-07     
8.3500         4.0356e-01     4.0356e-01     1.4125e-07     
8.3600         3.8998e-01     3.8998e-01     1.3678e-07     
8.3700         3.7637e-01     3.7637e-01     1.3229e-07     
8.3800         3.6272e-01     3.6272e-01     1.2779e-07     
8.3900         3.4903e-01     3.4903e-01     1.2328e-07     
8.4000         3.3531e-01     3.3531e-01     1.1876e-07     
8.4100         3.2155e-01     3.2155e-01     1.1423e-07     
8.4200         3.0777e-01     3.0777e-01     1.0968e-07     
8.4300         2.9395e-01     2.9395e-01     1.0512e-07     
8.4400         2.8010e-01     2.8010e-01     1.0056e-07     
8.4500         2.6623e-01     2.6623e-01     9.5979e-08     
8.4600         2.5232e-01     2.5232e-01     9.1392e-08     
8.4700         2.3840e-01     2.3840e-01     8.6796e-08     
8.4800         2.2444e-01     2.2444e-01     8.2191e-08     
8.4900         2.1047e-01     2.1047e-01     7.7578e-08     
8.5000         1.9648e-01     1.9648e-01     7.2958e-08     
8.5100         1.8246e-01     1.8246e-01     6.8329e-08     
8.5200         1.6843e-01     1.6843e-01     6.3695e-08     
8.5300         1.5438e-01     1.5438e-01     5.9053e-08     
8.5400         1.4031e-01     1.4031e-01     5.4406e-08     
8.5500         1.2623e-01     1.2623e-01     4.9754e-08     
8.5600         1.1214e-01     1.1214e-01     4.5096e-08     
8.5700         9.8039e-02     9.8039e-02     4.0434e-08     
8.5800         8.3926e-02     8.3926e-02     3.5768e-08     
8.5900         6.9805e-02     6.9805e-02     3.1098e-08     
8.6000         5.5677e-02     5.5677e-02     2.6425e-08     
8.6100         4.1543e-02     4.1543e-02     2.1750e-08     
8.6200         2.7405e-02     2.7405e-02     1.7072e-08     
8.6300         1.3265e-02     1.3265e-02     1.2393e-08     
8.6400         -8.7711e-04    -8.7710e-04    7.7124e-09     
8.6500         -1.5019e-02    -1.5019e-02    3.0310e-09     
8.6600         -2.9159e-02    -2.9159e-02    -1.6506e-09    
8.6700         -4.3297e-02    -4.3297e-02    -6.3321e-09    
8.6800         -5.7430e-02    -5.7430e-02    -1.1013e-08    
8.6900         -7.1557e-02    -7.1557e-02    -1.5693e-08    
8.7000         -8.5677e-02    -8.5677e-02    -2.0371e-08    
8.7100         -9.9789e-02    -9.9789e-02    -2.5047e-08    
8.7200         -1.1389e-01    -1.1389e-01    -2.9721e-08    
8.7300         -1.2798e-01    -1.2798e-01    -3.4391e-08    
8.7400         -1.4206e-01    -1.4206e-01    -3.9059e-08    
8.7500         -1.5612e-01    -1.5612e-01    -4.3722e-08    
8.7600         -1.7017e-01    -1.7017e-01    -4.8381e-08    
8.7700         -1.8420e-01    -1.8420e-01    -5.3035e-08    
8.7800         -1.9821e-01    -1.9821e-01    -5.7684e-08    
8.7900         -2.1220e-01    -2.1220e-01    -6.2327e-08    
8.8000         -2.2618e-01    -2.2618e-01    -6.6964e-08    
8.8100         -2.4012e-01    -2.4012e-01    -7.1594e-08    
8.8200         -2.5405e-01    -2.5405e-01    -7.6217e-08    
8.8300         -2.6795e-01    -2.6795e-01    -8.0832e-08    
8.8400         -2.8182e-01    -2.8182e-01    -8.5439e-08    
8.8500         -2.9566e-01    -2.9566e-01    -9.0038e-08    
8.8600         -3.0948e-01    -3.0948e-01    -9.4628e-08    
8.8700         -3.2326e-01    -3.2326e-01    -9.9208e-08    
8.8800         -3.3701e-01    -3.3701e-01    -1.0378e-07    
8.8900         -3.5073e-01    -3.5073e-01    -1.0834e-07    
8.9000         -3.6441e-01    -3.6441e-01    -1.1289e-07    
8.9100         -3.7806e-01    -3.7806e-01    -1.1742e-07    
8.9200         -3.9167e-01    -3.9167e-01    -1.2195e-07    
8.9300         -4.0524e-01    -4.0524e-01    -1.2646e-07    
8.9400         -4.1877e-01    -4.1877e-01    -1.3097e-07    
8.9500         -4.3225e-01    -4.3225e-01    -1.3545e-07    
8.9600         -4.4570e-01    -4.4570e-01    -1.3993e-07    
8.9700         -4.5910e-01    -4.5910e-01    -1.4439e-07    
8.9800         -4.7245e-01    -4.7245e-01    -1.4884e-07    
8.9900         -4.8575e-01    -4.8575e-01    -1.5327e-07    
9.0000         -4.9901e-01    -4.9901e-01    -1.5768e-07    
9.0100         -5.1222e-01    -5.1222e-01    -1.6208e-07    
9.0200         -5.2538e-01    -5.2538e-01    -1.6647e-07    
9.0300         -5.3848e-01    -5.3848e-01    -1.7083e-07    
9.0400         -5.5153e-01    -5.5153e-01    -1.7518e-07    
9.0500         -5.6452e-01    -5.6452e-01    -1.7952e-07    
9.0600         -5.7746e-01    -5.7746e-01    -1.8383e-07    
9.0700         -5.9034e-01    -5.9034e-01    -1.8813e-07    
9.0800         -6.0316e-01    -6.0316e-01    -1.9241e-07    
9.0900         -6.1592e-01    -6.1592e-01    -1.9666e-07    
9.1000         -6.2862e-01    -6.2862e-01    -2.0090e-07    
9.1100         -6.4126e-01    -6.4126e-01    -2.0512e-07    
9.1200         -6.5383e-01    -6.5383e-01    -2.0932e-07    
9.1300         -6.6634e-01    -6.6634e-01    -2.1350e-07    
9.1400         -6.7878e-01    -6.7878e-01    -2.1765e-07    
9.1500         -6.9115e-01    -6.9115e-01    -2.2179e-07    
9.1600         -7.0346e-01    -7.0346e-01    -2.2590e-07    
9.1700         -7.1569e-01    -7.1569e-01    -2.2999e-07    
9.1800         -7.2785e-01    -7.2785e-01    -2.3405e-07    
9.1900         -7.3994e-01    -7.3994e-01    -2.3810e-07    
9.2000         -7.5195e-01    -7.5195e-01    -2.4212e-07    
9.2100         -7.6389e-01    -7.6389e-01    -2.4611e-07    
9.2200         -7.7576e-01    -7.7576e-01    -2.5008e-07    
9.2300         -7.8754e-01    -7.8754e-01    -2.5403e-07    
9.2400         -7.9925e-01    -7.9925e-01    -2.5795e-07    
9.2500         -8.1088e-01    -8.1088e-01    -2.6184e-07    
9.2600         -8.2242e-01    -8.2242e-01    -2.6571e-07    
9.2700         -8.3388e-01    -8.3389e-01    -2.6955e-07    
9.2800         -8.4526e-01    -8.4527e-01    -2.7336e-07    
9.2900         -8.5656e-01    -8.5656e-01    -2.7715e-07    
9.3000         -8.6777e-01    -8.6777e-01    -2.8091e-07    
9.3100         -8.7889e-01    -8.7889e-01    -2.8464e-07    
9.3200         -8.8993e-01    -8.8993e-01    -2.8834e-07    
9.3300         -9.0088e-01    -9.0088e-01    -2.9202e-07    
9.3400         -9.1173e-01    -9.1173e-01    -2.9566e-07    
9.3500         -9.2250e-01    -9.2250e-01    -2.9928e-07    
9.3600         -9.3317e-01    -9.3317e-01    -3.0286e-07    
9.3700         -9.4375e-01    -9.4375e-01    -3.0642e-07    
9.3800         -9.5423e-01    -9.5423e-01    -3.0994e-07    
9.3900         -9.6462e-01    -9.6462e-01    -3.1343e-07    
9.4000         -9.7492e-01    -9.7492e-01    -3.1690e-07    
9.4100         -9.8511e-01    -9.8511e-01    -3.2033e-07    
9.4200         -9.9521e-01    -9.9521e-01    -3.2372e-07    
9.4300         -1.0052e+00    -1.0052e+00    -3.2709e-07    
9.4400         -1.0151e+00    -1.0151e+00    -3.3042e-07    
9.4500         -1.0249e+00    -1.0249e+00    -3.3372e-07    
9.4600         -1.0346e+00    -1.0346e+00    -3.3699e-07    
9.4700         -1.0442e+00    -1.0442e+00    -3.4022e-07    
9.4800         -1.0537e+00    -1.0537e+00    -3.4342e-07    
9.4900         -1.0630e+00    -1.0630e+00    -3.4659e-07    
9.5000         -1.0723e+00    -1.0723e+00    -3.4972e-07    
9.5100         -1.0815e+00    -1.0815e+00    -3.5281e-07    
9.5200         -1.0905e+00    -1.0905e+00    -3.5587e-07    
9.5300         -1.0995e+00    -1.0995e+00    -3.5890e-07    
9.5400         -1.1083e+00    -1.1083e+00    -3.6188e-07    
9.5500         -1.1171e+00    -1.1171e+00    -3.6484e-07    
9.5600         -1.1257e+00    -1.1257e+00    -3.6775e-07    
9.5700         -1.1342e+00    -1.1342e+00    -3.7063e-07    
9.5800         -1.1426e+00    -1.1426e+00    -3.7347e-07    
9.5900         -1.1509e+00    -1.1509e+00    -3.7628e-07    
9.6000         -1.1590e+00    -1.1590e+00    -3.7904e-07    
9.6100         -1.1671e+00    -1.1671e+00    -3.8177e-07    
9.6200         -1.1750e+00    -1.1750e+00    -3.8446e-07    
9.6300         -1.1828e+00    -1.1828e+00    -3.8712e-07    
9.6400         -1.1905e+00    -1.1905e+00    -3.8973e-07    
9.6500         -1.1981e+00    -1.1981e+00    -3.9230e-07    
9.6600         -1.2055e+00    -1.2055e+00    -3.9484e-07    
9.6700         -1.2129e+00    -1.2129e+00    -3.9733e-07    
9.6800         -1.2201e+00    -1.2201e+00    -3.9979e-07    
9.6900         -1.2272e+00    -1.2272e+00    -4.0221e-07    
9.7000         -1.2341e+00    -1.2341e+00    -4.0458e-07    
9.7100         -1.2410e+00    -1.2410e+00    -4.0692e-07    
9.7200         -1.2477e+00    -1.2477e+00    -4.0921e-07    
9.7300         -1.2543e+00    -1.2543e+00    -4.1147e-07    
9.7400         -1.2608e+00    -1.2608e+00    -4.1368e-07    
9.7500         -1.2671e+00    -1.2671e+00    -4.1585e-07    
9.7600         -1.2733e+00    -1.2733e+00    -4.1798e-07    
9.7700         -1.2794e+00    -1.2794e+00    -4.2007e-07    
9.7800         -1.2854e+00    -1.2854e+00    -4.2211e-07    
9.7900         -1.2912e+00    -1.2912e+00    -4.2412e-07    
9.8000         -1.2969e+00    -1.2969e+00    -4.2608e-07    
9.8100         -1.3025e+00    -1.3025e+00    -4.2800e-07    
9.8200         -1.3079e+00    -1.3079e+00    -4.2987e-07    
9.8300         -1.3132e+00    -1.3132e+00    -4.3171e-07    
9.8400         -1.3184e+00    -1.3184e+00    -4.3350e-07    
9.8500         -1.3235e+00    -1.3235e+00    -4.3524e-07    
9.8600         -1.3284e+00    -1.3284e+00    -4.3695e-07    
9.8700         -1.3332e+00    -1.3332e+00    -4.3860e-07    
9.8800         -1.3378e+00    -1.3378e+00    -4.4022e-07    
9.8900         -1.3423e+00    -1.3423e+00    -4.4179e-07    
9.9000         -1.3467e+00    -1.3467e+00    -4.4332e-07    
9.9100         -1.3510e+00    -1.3510e+00    -4.4480e-07    
9.9200         -1.3551e+00    -1.3551e+00    -4.4624e-07    
9.9300         -1.3591e+00    -1.3591e+00    -4.4763e-07    
9.9400         -1.3629e+00    -1.3629e+00    -4.4898e-07    
9.9500         -1.3666e+00    -1.3666e+00    -4.5029e-07    
9.9600         -1.3702e+00    -1.3702e+00    -4.5154e-07    
9.9700         -1.3736e+00    -1.3736e+00    -4.5276e-07    
9.9800         -1.3769e+00    -1.3769e+00    -4.5393e-07    
9.9900         -1.3801e+00    -1.3801e+00    -4.5505e-07    
10.0000        -1.3831e+00    -1.3831e+00    -4.5613e-07    
