0.0000         1.0000e+00     1.0000e+00     0.0000e+00     
0.1000         1.0815e+00     1.0948e+00     1.3319e-02     
0.2000         9.8164e-01     1.1787e+00     1.9710e-01     
0.3000         -1.4666e+00    1.2509e+00     2.7175e+00     
0.4000         -3.5958e+01    1.3105e+00     3.7269e+01     
0.5000         -5.0955e+02    1.3570e+00     5.1091e+02     
0.6000         -7.0023e+03    1.3900e+00     7.0037e+03     
0.7000         -9.6008e+04    1.4091e+00     9.6010e+04     
0.8000         -1.3161e+06    1.4141e+00     1.3161e+06     
0.9000         -1.8042e+07    1.4049e+00     1.8042e+07     
1.0000         -2.4733e+08    1.3818e+00     2.4733e+08     
1.1000         -3.3904e+09    1.3448e+00     3.3904e+09     
1.2000         -4.6477e+10    1.2944e+00     4.6477e+10     
1.3000         -6.3712e+11    1.2311e+00     6.3712e+11     
1.4000         -8.7339e+12    1.1554e+00     8.7339e+12     
1.5000         -1.1973e+14    1.0682e+00     1.1973e+14     
1.6000         -1.6413e+15    9.7037e-01     1.6413e+15     
1.7000         -2.2499e+16    8.6282e-01     2.2499e+16     
1.8000         -3.0842e+17    7.4665e-01     3.0842e+17     
1.9000         -4.2280e+18    6.2301e-01     4.2280e+18     
2.0000         -5.7958e+19    4.9315e-01     5.7958e+19     
2.1000         -7.9451e+20    3.5836e-01     7.9451e+20     
2.2000         -1.0891e+22    2.2000e-01     1.0891e+22     
2.3000         -1.4930e+23    7.9429e-02     1.4930e+23     
2.4000         -2.0467e+24    -6.1931e-02    2.0467e+24     
2.5000         -2.8057e+25    -2.0267e-01    2.8057e+25     
2.6000         -3.8461e+26    -3.4139e-01    3.8461e+26     
2.7000         -5.2724e+27    -4.7669e-01    5.2724e+27     
2.8000         -7.2276e+28    -6.0723e-01    7.2276e+28     
2.9000         -9.9078e+29    -7.3171e-01    9.9078e+29     
3.0000         -1.3582e+31    -8.4887e-01    1.3582e+31     
3.1000         -1.8619e+32    -9.5755e-01    1.8619e+32     
3.2000         -2.5523e+33    -1.0567e+00    2.5523e+33     
3.3000         -3.4988e+34    -1.1452e+00    3.4988e+34     
3.4000         -4.7962e+35    -1.2223e+00    4.7962e+35     
3.5000         -6.5748e+36    -1.2872e+00    6.5748e+36     
3.6000         -9.0130e+37    -1.3393e+00    9.0130e+37     
3.7000         -1.2355e+39    -1.3779e+00    1.2355e+39     
3.8000         -1.6937e+40    -1.4028e+00    1.6937e+40     
3.9000         -2.3218e+41    -1.4137e+00    2.3218e+41     
4.0000         -3.1828e+42    -1.4104e+00    3.1828e+42     
4.1000         -4.3631e+43    -1.3931e+00    4.3631e+43     
4.2000         -5.9811e+44    -1.3618e+00    5.9811e+44     
4.3000         -8.1990e+45    -1.3170e+00    8.1990e+45     
4.4000         -1.1239e+47    -1.2589e+00    1.1239e+47     
4.5000         -1.5407e+48    -1.1883e+00    1.5407e+48     
4.6000         -2.1121e+49    -1.1058e+00    2.1121e+49     
4.7000         -2.8953e+50    -1.0123e+00    2.8953e+50     
4.8000         -3.9690e+51    -9.0867e-01    3.9690e+51     
4.9000         -5.4409e+52    -7.9594e-01    5.4409e+52     
5.0000         -7.4586e+53    -6.7526e-01    7.4586e+53     
5.1000         -1.0224e+55    -5.4784e-01    1.0224e+55     
5.2000         -1.4016e+56    -4.1494e-01    1.4016e+56     
5.3000         -1.9214e+57    -2.7789e-01    1.9214e+57     
5.4000         -2.6339e+58    -1.3807e-01    2.6339e+58     
5.5000         -3.6106e+59    3.1294e-03     3.6106e+59     
5.6000         -4.9495e+60    1.4430e-01     4.9495e+60     
5.7000         -6.7850e+61    2.8403e-01     6.7850e+61     
5.8000         -9.3010e+62    4.2092e-01     9.3010e+62     
5.9000         -1.2750e+64    5.5360e-01     1.2750e+64     
6.0000         -1.7478e+65    6.8075e-01     1.7478e+65     
6.1000         -2.3960e+66    8.0111e-01     2.3960e+66     
6.2000         -3.2845e+67    9.1345e-01     3.2845e+67     
6.3000         -4.5025e+68    1.0167e+00     4.5025e+68     
6.4000         -6.1722e+69    1.1097e+00     6.1722e+69     
6.5000         -8.4611e+70    1.1917e+00     8.4611e+70     
6.6000         -1.1599e+72    1.2618e+00     1.1599e+72     
6.7000         -1.5900e+73    1.3192e+00     1.5900e+73     
6.8000         -2.1796e+74    1.3635e+00     2.1796e+74     
6.9000         -2.9879e+75    1.3942e+00     2.9879e+75     
7.0000         -4.0959e+76    1.4109e+00     4.0959e+76     
7.1000         -5.6148e+77    1.4135e+00     5.6148e+77     
7.2000         -7.6969e+78    1.4020e+00     7.6969e+78     
7.3000         -1.0551e+80    1.3765e+00     1.0551e+80     
7.4000         -1.4464e+81    1.3373e+00     1.4464e+81     
7.5000         -1.9828e+82    1.2846e+00     1.9828e+82     
7.6000         -2.7180e+83    1.2192e+00     2.7180e+83     
7.7000         -3.7260e+84    1.1415e+00     3.7260e+84     
7.8000         -5.1077e+85    1.0525e+00     5.1077e+85     
7.9000         -7.0018e+86    9.5294e-01     7.0018e+86     
8.0000         -9.5983e+87    8.4386e-01     9.5983e+87     
8.1000         -1.3158e+89    7.2635e-01     1.3158e+89     
8.2000         -1.8037e+90    6.0158e-01     1.8037e+90     
8.3000         -2.4726e+91    4.7079e-01     2.4726e+91     
8.4000         -3.3895e+92    3.3531e-01     3.3895e+92     
8.5000         -4.6464e+93    1.9648e-01     4.6464e+93     
8.6000         -6.3695e+94    5.5677e-02     6.3695e+94     
8.7000         -8.7315e+95    -8.5677e-02    8.7315e+95     
8.8000         -1.1969e+97    -2.2618e-01    1.1969e+97     
8.9000         -1.6408e+98    -3.6441e-01    1.6408e+98     
9.0000         -2.2493e+99    -4.9901e-01    2.2493e+99     
9.1000         -3.0834e+100   -6.2862e-01    3.0834e+100    
9.2000         -4.2268e+101   -7.5195e-01    4.2268e+101    
9.3000         -5.7942e+102   -8.6777e-01    5.7942e+102    
9.4000         -7.9429e+103   -9.7492e-01    7.9429e+103    
9.5000         -1.0888e+105   -1.0723e+00    1.0888e+105    
9.6000         -1.4926e+106   -1.1590e+00    1.4926e+106    
9.7000         -2.0461e+107   -1.2341e+00    2.0461e+107    
9.8000         -2.8049e+108   -1.2969e+00    2.8049e+108    
9.9000         -3.8451e+109   -1.3467e+00    3.8451e+109    
10.0000        -5.2709e+110   -1.3831e+00    5.2709e+110    
