0.0000         3.3333e-01     3.3333e-01     0.0000e+00     
0.0200         3.3327e-01     3.3327e-01     4.0246e-14     
0.0400         3.3310e-01     3.3310e-01     1.6032e-13     
0.0600         3.3280e-01     3.3280e-01     3.5827e-13     
0.0800         3.3239e-01     3.3239e-01     6.3133e-13     
0.1000         3.3186e-01     3.3186e-01     9.7539e-13     
0.1200         3.3121e-01     3.3121e-01     1.3852e-12     
0.1400         3.3045e-01     3.3045e-01     1.8547e-12     
0.1600         3.2957e-01     3.2957e-01     2.3768e-12     
0.1800         3.2858e-01     3.2858e-01     2.9438e-12     
0.2000         3.2748e-01     3.2748e-01     3.5471e-12     
0.2200         3.2626e-01     3.2626e-01     4.1776e-12     
0.2400         3.2494e-01     3.2494e-01     4.8258e-12     
0.2600         3.2351e-01     3.2351e-01     5.4819e-12     
0.2800         3.2198e-01     3.2198e-01     6.1357e-12     
0.3000         3.2034e-01     3.2034e-01     6.7773e-12     
0.3200         3.1860e-01     3.1860e-01     7.3965e-12     
0.3400         3.1676e-01     3.1676e-01     7.9835e-12     
0.3600         3.1482e-01     3.1482e-01     8.5286e-12     
0.3800         3.1279e-01     3.1279e-01     9.0225e-12     
0.4000         3.1067e-01     3.1067e-01     9.4564e-12     
0.4200         3.0846e-01     3.0846e-01     9.8221e-12     
0.4400         3.0615e-01     3.0615e-01     1.0112e-11     
0.4600         3.0377e-01     3.0377e-01     1.0318e-11     
0.4800         3.0130e-01     3.0130e-01     1.0436e-11     
0.5000         2.9875e-01     2.9875e-01     1.0458e-11     
0.5200         2.9613e-01     2.9613e-01     1.0381e-11     
0.5400         2.9343e-01     2.9343e-01     1.0199e-11     
0.5600         2.9065e-01     2.9065e-01     9.9108e-12     
0.5800         2.8781e-01     2.8781e-01     9.5124e-12     
0.6000         2.8490e-01     2.8490e-01     9.0022e-12     
0.6200         2.8193e-01     2.8193e-01     8.3791e-12     
0.6400         2.7889e-01     2.7889e-01     7.6425e-12     
0.6600         2.7580e-01     2.7580e-01     6.7924e-12     
0.6800         2.7265e-01     2.7265e-01     5.8294e-12     
0.7000         2.6945e-01     2.6945e-01     4.7548e-12     
0.7200         2.6619e-01     2.6619e-01     3.5699e-12     
0.7400         2.6289e-01     2.6289e-01     2.2765e-12     
0.7600         2.5954e-01     2.5954e-01     8.7663e-13     
0.7800         2.5614e-01     2.5614e-01     -6.2744e-13    
0.8000         2.5271e-01     2.5271e-01     -2.2334e-12    
0.8200         2.4923e-01     2.4923e-01     -3.9391e-12    
0.8400         2.4572e-01     2.4572e-01     -5.7424e-12    
0.8600         2.4218e-01     2.4218e-01     -7.6414e-12    
0.8800         2.3861e-01     2.3861e-01     -9.6346e-12    
0.9000         2.3500e-01     2.3500e-01     -1.1721e-11    
0.9200         2.3137e-01     2.3137e-01     -1.3900e-11    
0.9400         2.2772e-01     2.2772e-01     -1.6172e-11    
0.9600         2.2404e-01     2.2404e-01     -1.8537e-11    
0.9800         2.2034e-01     2.2034e-01     -2.0999e-11    
1.0000         2.1663e-01     2.1663e-01     -2.3558e-11    
1.0200         2.1290e-01     2.1290e-01     -2.6220e-11    
1.0400         2.0915e-01     2.0915e-01     -2.8989e-11    
1.0600         2.0540e-01     2.0540e-01     -3.1872e-11    
1.0800         2.0164e-01     2.0164e-01     -3.4877e-11    
1.1000         1.9787e-01     1.9787e-01     -3.8011e-11    
1.1200         1.9410e-01     1.9410e-01     -4.1286e-11    
1.1400         1.9033e-01     1.9033e-01     -4.4713e-11    
1.1600         1.8655e-01     1.8655e-01     -4.8307e-11    
1.1800         1.8278e-01     1.8278e-01     -5.2081e-11    
1.2000         1.7902e-01     1.7902e-01     -5.6051e-11    
1.2200         1.7526e-01     1.7526e-01     -6.0236e-11    
1.2400         1.7151e-01     1.7151e-01     -6.4655e-11    
1.2600         1.6777e-01     1.6777e-01     -6.9326e-11    
1.2800         1.6405e-01     1.6405e-01     -7.4273e-11    
1.3000         1.6034e-01     1.6034e-01     -7.9516e-11    
1.3200         1.5665e-01     1.5665e-01     -8.5080e-11    
1.3400         1.5298e-01     1.5298e-01     -9.0987e-11    
1.3600         1.4933e-01     1.4933e-01     -9.7262e-11    
1.3800         1.4571e-01     1.4571e-01     -1.0393e-10    
1.4000         1.4211e-01     1.4211e-01     -1.1101e-10    
1.4200         1.3854e-01     1.3854e-01     -1.1853e-10    
1.4400         1.3500e-01     1.3500e-01     -1.2652e-10    
1.4600         1.3150e-01     1.3150e-01     -1.3499e-10    
1.4800         1.2802e-01     1.2802e-01     -1.4396e-10    
1.5000         1.2459e-01     1.2459e-01     -1.5346e-10    
1.5200         1.2119e-01     1.2119e-01     -1.6351e-10    
1.5400         1.1783e-01     1.1783e-01     -1.7410e-10    
1.5600         1.1451e-01     1.1451e-01     -1.8527e-10    
1.5800         1.1123e-01     1.1123e-01     -1.9702e-10    
1.6000         1.0800e-01     1.0800e-01     -2.0935e-10    
1.6200         1.0481e-01     1.0481e-01     -2.2227e-10    
1.6400         1.0167e-01     1.0167e-01     -2.3577e-10    
1.6600         9.8584e-02     9.8584e-02     -2.4986e-10    
1.6800         9.5543e-02     9.5543e-02     -2.6452e-10    
1.7000         9.2553e-02     9.2553e-02     -2.7975e-10    
1.7200         8.9615e-02     8.9615e-02     -2.9552e-10    
1.7400         8.6730e-02     8.6730e-02     -3.1181e-10    
1.7600         8.3899e-02     8.3899e-02     -3.2861e-10    
1.7800         8.1123e-02     8.1123e-02     -3.4588e-10    
1.8000         7.8402e-02     7.8402e-02     -3.6359e-10    
1.8200         7.5738e-02     7.5738e-02     -3.8170e-10    
1.8400         7.3130e-02     7.3130e-02     -4.0018e-10    
1.8600         7.0579e-02     7.0579e-02     -4.1898e-10    
1.8800         6.8086e-02     6.8086e-02     -4.3806e-10    
1.9000         6.5651e-02     6.5651e-02     -4.5737e-10    
1.9200         6.3274e-02     6.3274e-02     -4.7685e-10    
1.9400         6.0954e-02     6.0954e-02     -4.9646e-10    
1.9600         5.8693e-02     5.8693e-02     -5.1614e-10    
1.9800         5.6490e-02     5.6490e-02     -5.3583e-10    
2.0000         5.4346e-02     5.4346e-02     -5.5548e-10    
2.0200         5.2258e-02     5.2258e-02     -5.7503e-10    
2.0400         5.0229e-02     5.0229e-02     -5.9443e-10    
2.0600         4.8256e-02     4.8256e-02     -6.1361e-10    
2.0800         4.6340e-02     4.6340e-02     -6.3252e-10    
2.1000         4.4480e-02     4.4480e-02     -6.5111e-10    
2.1200         4.2676e-02     4.2676e-02     -6.6932e-10    
2.1400         4.0927e-02     4.0927e-02     -6.8709e-10    
2.1600         3.9232e-02     3.9232e-02     -7.0438e-10    
2.1800         3.7591e-02     3.7591e-02     -7.2114e-10    
2.2000         3.6003e-02     3.6003e-02     -7.3733e-10    
2.2200         3.4466e-02     3.4466e-02     -7.5289e-10    
2.2400         3.2981e-02     3.2981e-02     -7.6778e-10    
2.2600         3.1546e-02     3.1546e-02     -7.8198e-10    
2.2800         3.0161e-02     3.0161e-02     -7.9544e-10    
2.3000         2.8824e-02     2.8824e-02     -8.0813e-10    
2.3200         2.7534e-02     2.7534e-02     -8.2002e-10    
2.3400         2.6291e-02     2.6291e-02     -8.3108e-10    
2.3600         2.5093e-02     2.5093e-02     -8.4131e-10    
2.3800         2.3940e-02     2.3940e-02     -8.5066e-10    
2.4000         2.2830e-02     2.2830e-02     -8.5914e-10    
2.4200         2.1762e-02     2.1762e-02     -8.6672e-10    
2.4400         2.0736e-02     2.0736e-02     -8.7340e-10    
2.4600         1.9749e-02     1.9749e-02     -8.7917e-10    
2.4800         1.8802e-02     1.8802e-02     -8.8402e-10    
2.5000         1.7893e-02     1.7893e-02     -8.8796e-10    
2.5200         1.7020e-02     1.7020e-02     -8.9099e-10    
2.5400         1.6183e-02     1.6183e-02     -8.9312e-10    
2.5600         1.5382e-02     1.5382e-02     -8.9434e-10    
2.5800         1.4613e-02     1.4613e-02     -8.9468e-10    
2.6000         1.3878e-02     1.3878e-02     -8.9414e-10    
2.6200         1.3174e-02     1.3174e-02     -8.9275e-10    
2.6400         1.2500e-02     1.2500e-02     -8.9050e-10    
2.6600         1.1856e-02     1.1856e-02     -8.8744e-10    
2.6800         1.1241e-02     1.1241e-02     -8.8357e-10    
2.7000         1.0653e-02     1.0653e-02     -8.7891e-10    
2.7200         1.0092e-02     1.0092e-02     -8.7350e-10    
2.7400         9.5568e-03     9.5568e-03     -8.6735e-10    
2.7600         9.0461e-03     9.0461e-03     -8.6050e-10    
2.7800         8.5591e-03     8.5591e-03     -8.5297e-10    
2.8000         8.0951e-03     8.0951e-03     -8.4478e-10    
2.8200         7.6532e-03     7.6532e-03     -8.3598e-10    
2.8400         7.2324e-03     7.2324e-03     -8.2658e-10    
2.8600         6.8320e-03     6.8320e-03     -8.1662e-10    
2.8800         6.4512e-03     6.4512e-03     -8.0613e-10    
2.9000         6.0891e-03     6.0891e-03     -7.9514e-10    
2.9200         5.7451e-03     5.7451e-03     -7.8368e-10    
2.9400         5.4183e-03     5.4183e-03     -7.7178e-10    
2.9600         5.1080e-03     5.1080e-03     -7.5948e-10    
2.9800         4.8136e-03     4.8136e-03     -7.4681e-10    
3.0000         4.5343e-03     4.5342e-03     -7.3379e-10    
