1.0 1.0 1.0 1.0 1.0 1.0 1.0 1.0 1.0 1.0 
0.35 0.75 0.7 0.7 0.7 0.7 0.7 0.7 0.75 0.35 
0.265 0.385 0.5275 0.4875 0.49 0.49 0.4875 0.5275 0.385 0.265 
0.127625 0.292625 0.31125 0.36325 0.34025 0.34025 0.36325 0.31125 0.292625 0.127625 
0.1014875 0.1573875 0.23895625 0.22895625 0.247675 0.247675 0.22895625 0.23895625 0.1573875 0.1014875 
0.05100719 0.12472969 0.13707938 0.17439938 0.16725688 0.16725688 0.17439938 0.13707938 0.12472969 0.05100719 
0.04303791 0.06651466 0.10873842 0.10713517 0.12108856 0.12108856 0.10713517 0.10873842 0.06651466 0.04303791 
0.02116894 0.05535377 0.06125361 0.08255063 0.08049581 0.08049581 0.08255063 0.06125361 0.05535377 0.02116894 
0.01907883 0.02884149 0.05007852 0.04990729 0.05802837 0.05802837 0.04990729 0.05007852 0.02884149 0.01907883 
0.00903267 0.02516758 0.02764415 0.03889926 0.03817497 0.03817497 0.03889926 0.02764415 0.02516758 0.00903267 
0.00868482 0.01272576 0.02326635 0.02316052 0.02750252 0.02750252 0.02316052 0.02326635 0.01272576 0.00868482 
0.00392699 0.01162244 0.01254515 0.01829614 0.01794387 0.01794387 0.01829614 0.01254515 0.01162244 0.00392699 
0.00402172 0.00567405 0.01087389 0.01071729 0.01295394 0.01295394 0.01071729 0.01087389 0.00567405 0.00402172 
0.00172592 0.00542238 0.00570775 0.00859973 0.00838893 0.00838893 0.00859973 0.00570775 0.00542238 0.00172592 
0.00188356 0.00254348 0.0051031 0.00494811 0.00608009 0.00608009 0.00494811 0.0051031 0.00254348 0.00188356 
0.00076224 0.00254726 0.00259845 0.0040421 0.00390872 0.00390872 0.0040421 0.00259845 0.00254726 0.00076224 
0.00088898 0.00114217 0.0024022 0.00228007 0.0028483 0.0028483 0.00228007 0.0024022 0.00114217 0.00088898 
0.00033676 0.00120247 0.00118203 0.00190067 0.00181723 0.00181723 0.00190067 0.00118203 0.00120247 0.00033676 
0.00042189 0.00051248 0.00113356 0.00104872 0.00133303 0.00133303 0.00104872 0.00113356 0.00051248 0.00042189 
0.00014832 0.00056974 0.00053674 0.00089436 0.00084359 0.00084359 0.00089436 0.00053674 0.00056974 0.00014832 
0.00020106 0.0002293 0.00053604 0.00048146 0.00062362 0.00062362 0.00048146 0.00053604 0.0002293 0.00020106 
6.492e-05 0.00027077 0.00024307 0.00042122 0.00039116 0.00039116 0.00042122 0.00024307 0.00027077 6.492e-05 
9.615e-05 0.00010214 0.00025399 0.0002206 0.00029174 0.00029174 0.0002206 0.00025399 0.00010214 9.615e-05 
2.815e-05 0.00012903 0.0001097 0.0001986 0.0001812 0.0001812 0.0001986 0.0001097 0.00012903 2.815e-05 
4.613e-05 4.521e-05 0.00012058 0.00010085 0.00013651 0.00013651 0.00010085 0.00012058 4.521e-05 4.613e-05 
1.206e-05 6.164e-05 4.929e-05 9.375e-05 8.387e-05 8.387e-05 9.375e-05 4.929e-05 6.164e-05 1.206e-05 
2.219e-05 1.985e-05 5.736e-05 4.599e-05 6.39e-05 6.39e-05 4.599e-05 5.736e-05 1.985e-05 2.219e-05 
5.07e-06 2.952e-05 2.203e-05 4.432e-05 3.879e-05 3.879e-05 4.432e-05 2.203e-05 2.952e-05 5.07e-06 
1.071e-05 8.63e-06 2.734e-05 2.091e-05 2.992e-05 2.992e-05 2.091e-05 2.734e-05 8.63e-06 1.071e-05 
2.08e-06 1.417e-05 9.78e-06 2.098e-05 1.792e-05 1.792e-05 2.098e-05 9.78e-06 1.417e-05 2.08e-06 
5.18e-06 3.7e-06 1.306e-05 9.48e-06 1.402e-05 1.402e-05 9.48e-06 1.306e-05 3.7e-06 5.18e-06 
8.3e-07 6.82e-06 4.31e-06 9.95e-06 8.27e-06 8.27e-06 9.95e-06 4.31e-06 6.82e-06 8.3e-07 
2.51e-06 1.56e-06 6.25e-06 4.28e-06 6.58e-06 6.58e-06 4.28e-06 6.25e-06 1.56e-06 2.51e-06 
3.1e-07 3.29e-06 1.88e-06 4.72e-06 3.81e-06 3.81e-06 4.72e-06 1.88e-06 3.29e-06 3.1e-07 
1.22e-06 6.4e-07 3e-06 1.92e-06 3.09e-06 3.09e-06 1.92e-06 3e-06 6.4e-07 1.22e-06 
1.1e-07 1.59e-06 8.1e-07 2.25e-06 1.76e-06 1.76e-06 2.25e-06 8.1e-07 1.59e-06 1.1e-07 
6e-07 2.5e-07 1.44e-06 8.6e-07 1.45e-06 1.45e-06 8.6e-07 1.44e-06 2.5e-07 6e-07 
3e-08 7.7e-07 3.4e-07 1.07e-06 8.1e-07 8.1e-07 1.07e-06 3.4e-07 7.7e-07 3e-08 
2.9e-07 1e-07 7e-07 3.8e-07 6.8e-07 6.8e-07 3.8e-07 7e-07 1e-07 2.9e-07 
0.0 3.8e-07 1.4e-07 5.1e-07 3.7e-07 3.7e-07 5.1e-07 1.4e-07 3.8e-07 0.0 
1.4e-07 3e-08 3.4e-07 1.7e-07 3.2e-07 3.2e-07 1.7e-07 3.4e-07 3e-08 1.4e-07 
-0.0 1.8e-07 6e-08 2.5e-07 1.7e-07 1.7e-07 2.5e-07 6e-08 1.8e-07 -0.0 
7e-08 1e-08 1.6e-07 7e-08 1.5e-07 1.5e-07 7e-08 1.6e-07 1e-08 7e-08 
-0.0 9e-08 2e-08 1.2e-07 8e-08 8e-08 1.2e-07 2e-08 9e-08 -0.0 
3e-08 0.0 8e-08 3e-08 7e-08 7e-08 3e-08 8e-08 0.0 3e-08 
-0.0 4e-08 1e-08 6e-08 4e-08 4e-08 6e-08 1e-08 4e-08 -0.0 
2e-08 -0.0 4e-08 1e-08 3e-08 3e-08 1e-08 4e-08 -0.0 2e-08 
-0.0 2e-08 0.0 3e-08 2e-08 2e-08 3e-08 0.0 2e-08 -0.0 
1e-08 -0.0 2e-08 1e-08 2e-08 2e-08 1e-08 2e-08 -0.0 1e-08 
-0.0 1e-08 0.0 1e-08 1e-08 1e-08 1e-08 0.0 1e-08 -0.0 
0.0 -0.0 1e-08 0.0 1e-08 1e-08 0.0 1e-08 -0.0 0.0 