1.0 1.0 1.0 1.0 1.0 1.0 1.0 1.0 1.0 1.0 1.0 1.0 1.0 1.0 1.0 1.0 1.0 1.0 1.0 1.0 
0.35 0.75 0.7 0.7 0.7 0.7 0.7 0.7 0.7 0.7 0.7 0.7 0.7 0.7 0.7 0.7 0.7 0.7 0.75 0.35 
0.265 0.385 0.5275 0.4875 0.49 0.49 0.49 0.49 0.49 0.49 0.49 0.49 0.49 0.49 0.49 0.49 0.4875 0.5275 0.385 0.265 
0.127625 0.292625 0.31125 0.36325 0.340125 0.343125 0.343 0.343 0.343 0.343 0.343 0.343 0.343 0.343 0.343125 0.340125 0.36325 0.31125 0.292625 0.127625 
0.1014875 0.1573875 0.2389625 0.2287625 0.2498375 0.2379375 0.24029375 0.24009375 0.2401 0.2401 0.2401 0.2401 0.24009375 0.24029375 0.2379375 0.2498375 0.2287625 0.2389625 0.1573875 0.1014875 
0.05100688 0.12474188 0.13689375 0.17575375 0.16271719 0.17260969 0.16671563 0.16825563 0.16805781 0.16807031 0.16807031 0.16805781 0.16825563 0.16671563 0.17260969 0.16271719 0.17575375 0.13689375 0.12474188 0.05100688 
0.04305206 0.06637256 0.10951205 0.1049768 0.12416491 0.11457266 0.11980738 0.11687538 0.11779108 0.11763558 0.11763558 0.11779108 0.11687538 0.11980738 0.11457266 0.12416491 0.1049768 0.10951205 0.06637256 0.04305206 
0.02107342 0.0557768 0.0601789 0.08442352 0.07635381 0.0864963 0.08048141 0.08342897 0.08193223 0.08243734 0.08243734 0.08193223 0.08342897 0.08048141 0.0864963 0.07635381 0.08442352 0.0601789 0.0557768 0.02107342 
0.01930178 0.02827975 0.05120877 0.04749943 0.06133491 0.05434146 0.06005581 0.05651878 0.05820059 0.05747977 0.05747977 0.05820059 0.05651878 0.06005581 0.05434146 0.06133491 0.04749943 0.05120877 0.02827975 0.01930178 
0.00875146 0.02582925 0.02627984 0.04088641 0.03517313 0.04335538 0.03836732 0.0417115 0.03972264 0.04053617 0.04053617 0.03972264 0.0417115 0.03836732 0.04335538 0.03517313 0.04088641 0.02627984 0.02582925 0.00875146 
0.00901771 0.0119682 0.02449003 0.02112195 0.03046436 0.02528628 0.03028196 0.02704141 0.02895389 0.02803182 0.02803182 0.02895389 0.02704141 0.03028196 0.02528628 0.03046436 0.02112195 0.02449003 0.0119682 0.00901771 
0.00356278 0.012347 0.01126196 0.02011903 0.0158247 0.02189036 0.01796016 0.02102844 0.0191136 0.01999452 0.01999452 0.0191136 0.02102844 0.01796016 0.02189036 0.0158247 0.02011903 0.01126196 0.012347 0.00356278 
0.0043757 0.00492394 0.01201704 0.00912279 0.01534265 0.01145657 0.0154206 0.01273526 0.01451145 0.01363615 0.01363615 0.01451145 0.01273526 0.0154206 0.01145657 0.01534265 0.00912279 0.01201704 0.00492394 0.0043757 
0.00136873 0.00610096 0.00463278 0.01012485 0.00685986 0.0112124 0.00818403 0.01071818 0.00909573 0.0098967 0.0098967 0.00909573 0.01071818 0.00818403 0.0112124 0.00685986 0.01012485 0.00463278 0.00610096 0.00136873 
0.00220874 0.00189436 0.00607889 0.00373139 0.00789406 0.0049754 0.00797445 0.00585645 0.00734192 0.00660628 0.00660628 0.00734192 0.00585645 0.00797445 0.0049754 0.00789406 0.00373139 0.00607889 0.00189436 0.00220874 
0.0004538 0.00312849 0.00174516 0.00524569 0.00278005 0.00586801 0.00357094 0.00554746 0.00425605 0.00491936 0.00491936 0.00425605 0.00554746 0.00357094 0.00586801 0.00278005 0.00524569 0.00174516 0.00312849 0.0004538 
0.00116414 0.0006173 0.00318798 0.00136026 0.00417968 0.00200074 0.00421439 0.00259143 0.00376221 0.00317999 0.00317999 0.00376221 0.00259143 0.00421439 0.00200074 0.00417968 0.00136026 0.00318798 0.0006173 0.00116414 
8.752e-05 0.00167283 0.00052383 0.00281616 0.00097428 0.00316004 0.00143977 0.0029316 0.00193885 0.0024592 0.0024592 0.00193885 0.0029316 0.00143977 0.00316004 0.00097428 0.00281616 0.00052383 0.00167283 8.752e-05 
0.00064294 0.00010373 0.00174251 0.0003576 0.0022923 0.00067823 0.002291 0.00107049 0.00196137 0.0015157 0.0015157 0.00196137 0.00107049 0.002291 0.00067823 0.0022923 0.0003576 0.00174251 0.00010373 0.00064294 
-4.563e-05 0.0009363 3.777e-05 0.00157482 0.00021266 0.00176192 0.0004868 0.00159125 0.00084414 0.00123923 0.00123923 0.00084414 0.00159125 0.0004868 0.00176192 0.00021266 0.00157482 3.777e-05 0.0009363 -4.563e-05 
0.00037263 -8.189e-05 0.0009961 -3.474e-05 0.00130847 0.00012148 0.00128843 0.00038232 0.00104589 0.00071158 0.00071158 0.00104589 0.00038232 0.00128843 0.00012148 0.00130847 -3.474e-05 0.0009961 -8.189e-05 0.00037263 
-8.256e-05 0.00054923 -0.0001307 0.00091985 -7.953e-05 0.00102138 8.38e-05 0.00089208 0.00033756 0.00063158 0.00063158 0.00033756 0.00089208 8.38e-05 0.00102138 -7.953e-05 0.00091985 -0.0001307 0.00054923 -8.256e-05 
0.00022623 -0.0001313 0.00059573 -0.00016262 0.00077884 -8.889e-05 0.00075248 8.59e-05 0.00057369 0.00032617 0.00032617 0.00057369 8.59e-05 0.00075248 -8.889e-05 0.00077884 -0.00016262 0.00059573 -0.0001313 0.00022623 
-8.231e-05 0.00033692 -0.00016782 0.00056084 -0.00016802 0.00061636 -6.882e-05 0.0005186 0.0001109 0.00032697 0.00032697 0.0001109 0.0005186 -6.882e-05 0.00061636 -0.00016802 0.00056084 -0.00016782 0.00033692 -8.231e-05 
0.00014316 -0.00012809 0.00037162 -0.000182 0.00048271 -0.00014871 0.00045684 -3.034e-05 0.00032532 0.00014367 0.00014367 0.00032532 -3.034e-05 0.00045684 -0.00014871 0.00048271 -0.000182 0.00037162 -0.00012809 0.00014316 
-6.982e-05 0.00021501 -0.00015533 0.00035557 -0.00017371 0.00038644 -0.00011202 0.00031312 1.531e-05 0.00017285 0.00017285 1.531e-05 0.00031312 -0.00011202 0.00038644 -0.00017371 0.00035557 -0.00015533 0.00021501 -6.982e-05 
9.377e-05 -0.00010784 0.00024041 -0.00016169 0.00031017 -0.00014772 0.00028774 -6.665e-05 0.00019134 5.884e-05 5.884e-05 0.00019134 -6.665e-05 0.00028774 -0.00014772 0.00031017 -0.00016169 0.00024041 -0.00010784 9.377e-05 
-5.516e-05 0.00014176 -0.00012801 0.00023301 -0.00015017 0.00025058 -0.00011083 0.00019608 -2.045e-05 9.384e-05 9.384e-05 -2.045e-05 0.00019608 -0.00011083 0.00025058 -0.00015017 0.00023301 -0.00012801 0.00014176 -5.516e-05 
6.31e-05 -8.492e-05 0.00016017 -0.00013089 0.00020538 -0.00012585 0.0001872 -6.973e-05 0.00011682 2.057e-05 2.057e-05 0.00011682 -6.973e-05 0.0001872 -0.00012585 0.00020538 -0.00013089 0.00016017 -8.492e-05 6.31e-05 
-4.197e-05 9.585e-05 -9.975e-05 0.00015676 -0.00012007 0.00016706 -9.434e-05 0.00012687 -3.005e-05 5.26e-05 5.26e-05 -3.005e-05 0.00012687 -9.434e-05 0.00016706 -0.00012007 0.00015676 -9.975e-05 9.585e-05 -4.197e-05 
4.333e-05 -6.453e-05 0.00010915 -0.00010107 0.00013923 -9.995e-05 0.00012508 -6.074e-05 7.388e-05 4.18e-06 4.18e-06 7.388e-05 -6.074e-05 0.00012508 -9.995e-05 0.00013923 -0.00010107 0.00010915 -6.453e-05 4.333e-05 
-3.127e-05 6.604e-05 -7.537e-05 0.00010758 -9.212e-05 0.00011381 -7.493e-05 8.437e-05 -2.909e-05 3.057e-05 3.057e-05 -2.909e-05 8.437e-05 -7.493e-05 0.00011381 -9.212e-05 0.00010758 -7.537e-05 6.604e-05 -3.127e-05 
3.019e-05 -4.803e-05 7.562e-05 -7.599e-05 9.607e-05 -7.642e-05 8.533e-05 -4.883e-05 4.819e-05 -2.17e-06 -2.17e-06 4.819e-05 -4.883e-05 8.533e-05 -7.642e-05 9.607e-05 -7.599e-05 7.562e-05 -4.803e-05 3.019e-05 
-2.299e-05 4.612e-05 -5.592e-05 7.49e-05 -6.901e-05 7.88e-05 -5.731e-05 5.734e-05 -2.456e-05 1.844e-05 1.844e-05 -2.456e-05 5.734e-05 -5.731e-05 7.88e-05 -6.901e-05 7.49e-05 -5.592e-05 4.612e-05 -2.299e-05 
2.124e-05 -3.531e-05 5.301e-05 -5.622e-05 6.714e-05 -5.714e-05 5.914e-05 -3.761e-05 3.226e-05 -4.09e-06 -4.09e-06 3.226e-05 -3.761e-05 5.914e-05 -5.714e-05 6.714e-05 -5.622e-05 5.301e-05 -3.531e-05 2.124e-05 
-1.677e-05 3.251e-05 -4.103e-05 5.268e-05 -5.095e-05 5.52e-05 -4.287e-05 3.962e-05 -1.943e-05 1.154e-05 1.154e-05 -1.943e-05 3.962e-05 -4.287e-05 5.52e-05 -5.095e-05 5.268e-05 -4.103e-05 3.251e-05 -1.677e-05 
1.506e-05 -2.576e-05 3.746e-05 -4.118e-05 4.735e-05 -4.214e-05 4.145e-05 -2.826e-05 2.203e-05 -4.17e-06 -4.17e-06 2.203e-05 -2.826e-05 4.145e-05 -4.214e-05 4.735e-05 -4.118e-05 3.746e-05 -2.576e-05 1.506e-05 
-1.218e-05 2.307e-05 -2.989e-05 3.732e-05 -3.727e-05 3.899e-05 -3.163e-05 2.771e-05 -1.483e-05 7.46e-06 7.46e-06 -1.483e-05 2.771e-05 -3.163e-05 3.899e-05 -3.727e-05 3.732e-05 -2.989e-05 2.307e-05 -1.218e-05 
1.072e-05 -1.869e-05 2.663e-05 -2.997e-05 3.36e-05 -3.081e-05 2.928e-05 -2.091e-05 1.527e-05 -3.59e-06 -3.59e-06 1.527e-05 -2.091e-05 2.928e-05 -3.081e-05 3.36e-05 -2.997e-05 2.663e-05 -1.869e-05 1.072e-05 
-8.81e-06 1.644e-05 -2.168e-05 2.657e-05 -2.711e-05 2.77e-05 -2.313e-05 1.954e-05 -1.109e-05 4.95e-06 4.95e-06 -1.109e-05 1.954e-05 -2.313e-05 2.77e-05 -2.711e-05 2.657e-05 -2.168e-05 1.644e-05 -8.81e-06 
7.66e-06 -1.352e-05 1.9e-05 -2.172e-05 2.395e-05 -2.24e-05 2.081e-05 -1.532e-05 1.071e-05 -2.88e-06 -2.88e-06 1.071e-05 -1.532e-05 2.081e-05 -2.24e-05 2.395e-05 -2.172e-05 1.9e-05 -1.352e-05 7.66e-06 
-6.36e-06 1.175e-05 -1.568e-05 1.897e-05 -1.964e-05 1.975e-05 -1.682e-05 1.387e-05 -8.17e-06 3.36e-06 3.36e-06 -8.17e-06 1.387e-05 -1.682e-05 1.975e-05 -1.964e-05 1.897e-05 -1.568e-05 1.175e-05 -6.36e-06 
5.48e-06 -9.76e-06 1.359e-05 -1.57e-05 1.712e-05 -1.623e-05 1.484e-05 -1.115e-05 7.57e-06 -2.21e-06 -2.21e-06 7.57e-06 -1.115e-05 1.484e-05 -1.623e-05 1.712e-05 -1.57e-05 1.359e-05 -9.76e-06 5.48e-06 
-4.59e-06 8.41e-06 -1.132e-05 1.358e-05 -1.419e-05 1.412e-05 -1.219e-05 9.88e-06 -5.98e-06 2.32e-06 2.32e-06 -5.98e-06 9.88e-06 -1.219e-05 1.412e-05 -1.419e-05 1.358e-05 -1.132e-05 8.41e-06 -4.59e-06 
3.93e-06 -7.04e-06 9.74e-06 -1.133e-05 1.226e-05 -1.172e-05 1.061e-05 -8.09e-06 5.38e-06 -1.66e-06 -1.66e-06 5.38e-06 -8.09e-06 1.061e-05 -1.172e-05 1.226e-05 -1.133e-05 9.74e-06 -7.04e-06 3.93e-06 
-3.3e-06 6.03e-06 -8.16e-06 9.74e-06 -1.024e-05 1.012e-05 -8.81e-06 7.06e-06 -4.35e-06 1.62e-06 1.62e-06 -4.35e-06 7.06e-06 -8.81e-06 1.012e-05 -1.024e-05 9.74e-06 -8.16e-06 6.03e-06 -3.3e-06 
2.82e-06 -5.07e-06 6.99e-06 -8.17e-06 8.79e-06 -8.46e-06 7.6e-06 -5.85e-06 3.83e-06 -1.23e-06 -1.23e-06 3.83e-06 -5.85e-06 7.6e-06 -8.46e-06 8.79e-06 -8.17e-06 6.99e-06 -5.07e-06 2.82e-06 
-2.38e-06 4.33e-06 -5.88e-06 6.99e-06 -7.38e-06 7.26e-06 -6.35e-06 5.06e-06 -3.15e-06 1.14e-06 1.14e-06 -3.15e-06 5.06e-06 -6.35e-06 7.26e-06 -7.38e-06 6.99e-06 -5.88e-06 4.33e-06 -2.38e-06 
2.03e-06 -3.65e-06 5.01e-06 -5.88e-06 6.31e-06 -6.1e-06 5.45e-06 -4.22e-06 2.74e-06 -9e-07 -9e-07 2.74e-06 -4.22e-06 5.45e-06 -6.1e-06 6.31e-06 -5.88e-06 5.01e-06 -3.65e-06 2.03e-06 
-1.71e-06 3.11e-06 -4.23e-06 5.02e-06 -5.31e-06 5.21e-06 -4.58e-06 3.63e-06 -2.27e-06 8.1e-07 8.1e-07 -2.27e-06 3.63e-06 -4.58e-06 5.21e-06 -5.31e-06 5.02e-06 -4.23e-06 3.11e-06 -1.71e-06 
1.46e-06 -2.63e-06 3.6e-06 -4.23e-06 4.53e-06 -4.39e-06 3.91e-06 -3.04e-06 1.96e-06 -6.5e-07 -6.5e-07 1.96e-06 -3.04e-06 3.91e-06 -4.39e-06 4.53e-06 -4.23e-06 3.6e-06 -2.63e-06 1.46e-06 
-1.23e-06 2.23e-06 -3.04e-06 3.6e-06 -3.83e-06 3.74e-06 -3.3e-06 2.6e-06 -1.64e-06 5.8e-07 5.8e-07 -1.64e-06 2.6e-06 -3.3e-06 3.74e-06 -3.83e-06 3.6e-06 -3.04e-06 2.23e-06 -1.23e-06 
1.05e-06 -1.89e-06 2.59e-06 -3.05e-06 3.26e-06 -3.16e-06 2.81e-06 -2.19e-06 1.41e-06 -4.7e-07 -4.7e-07 1.41e-06 -2.19e-06 2.81e-06 -3.16e-06 3.26e-06 -3.05e-06 2.59e-06 -1.89e-06 1.05e-06 
-8.9e-07 1.61e-06 -2.19e-06 2.59e-06 -2.75e-06 2.69e-06 -2.37e-06 1.87e-06 -1.18e-06 4.1e-07 4.1e-07 -1.18e-06 1.87e-06 -2.37e-06 2.69e-06 -2.75e-06 2.59e-06 -2.19e-06 1.61e-06 -8.9e-07 
7.5e-07 -1.36e-06 1.86e-06 -2.19e-06 2.34e-06 -2.27e-06 2.02e-06 -1.58e-06 1.01e-06 -3.4e-07 -3.4e-07 1.01e-06 -1.58e-06 2.02e-06 -2.27e-06 2.34e-06 -2.19e-06 1.86e-06 -1.36e-06 7.5e-07 
-6.4e-07 1.15e-06 -1.58e-06 1.86e-06 -1.98e-06 1.93e-06 -1.71e-06 1.34e-06 -8.5e-07 3e-07 3e-07 -8.5e-07 1.34e-06 -1.71e-06 1.93e-06 -1.98e-06 1.86e-06 -1.58e-06 1.15e-06 -6.4e-07 
5.4e-07 -9.8e-07 1.34e-06 -1.58e-06 1.68e-06 -1.64e-06 1.45e-06 -1.14e-06 7.3e-07 -2.5e-07 -2.5e-07 7.3e-07 -1.14e-06 1.45e-06 -1.64e-06 1.68e-06 -1.58e-06 1.34e-06 -9.8e-07 5.4e-07 
-4.6e-07 8.3e-07 -1.13e-06 1.34e-06 -1.42e-06 1.39e-06 -1.23e-06 9.7e-07 -6.1e-07 2.1e-07 2.1e-07 -6.1e-07 9.7e-07 -1.23e-06 1.39e-06 -1.42e-06 1.34e-06 -1.13e-06 8.3e-07 -4.6e-07 
3.9e-07 -7e-07 9.6e-07 -1.13e-06 1.21e-06 -1.18e-06 1.04e-06 -8.2e-07 5.2e-07 -1.8e-07 -1.8e-07 5.2e-07 -8.2e-07 1.04e-06 -1.18e-06 1.21e-06 -1.13e-06 9.6e-07 -7e-07 3.9e-07 
-3.3e-07 6e-07 -8.1e-07 9.6e-07 -1.02e-06 1e-06 -8.8e-07 6.9e-07 -4.4e-07 1.5e-07 1.5e-07 -4.4e-07 6.9e-07 -8.8e-07 1e-06 -1.02e-06 9.6e-07 -8.1e-07 6e-07 -3.3e-07 
2.8e-07 -5.1e-07 6.9e-07 -8.2e-07 8.7e-07 -8.5e-07 7.5e-07 -5.9e-07 3.8e-07 -1.3e-07 -1.3e-07 3.8e-07 -5.9e-07 7.5e-07 -8.5e-07 8.7e-07 -8.2e-07 6.9e-07 -5.1e-07 2.8e-07 
-2.4e-07 4.3e-07 -5.9e-07 6.9e-07 -7.4e-07 7.2e-07 -6.4e-07 5e-07 -3.2e-07 1.1e-07 1.1e-07 -3.2e-07 5e-07 -6.4e-07 7.2e-07 -7.4e-07 6.9e-07 -5.9e-07 4.3e-07 -2.4e-07 
2e-07 -3.6e-07 5e-07 -5.9e-07 6.2e-07 -6.1e-07 5.4e-07 -4.2e-07 2.7e-07 -9e-08 -9e-08 2.7e-07 -4.2e-07 5.4e-07 -6.1e-07 6.2e-07 -5.9e-07 5e-07 -3.6e-07 2e-07 
-1.7e-07 3.1e-07 -4.2e-07 5e-07 -5.3e-07 5.2e-07 -4.6e-07 3.6e-07 -2.3e-07 8e-08 8e-08 -2.3e-07 3.6e-07 -4.6e-07 5.2e-07 -5.3e-07 5e-07 -4.2e-07 3.1e-07 -1.7e-07 
1.4e-07 -2.6e-07 3.6e-07 -4.2e-07 4.5e-07 -4.4e-07 3.9e-07 -3e-07 1.9e-07 -7e-08 -7e-08 1.9e-07 -3e-07 3.9e-07 -4.4e-07 4.5e-07 -4.2e-07 3.6e-07 -2.6e-07 1.4e-07 
-1.2e-07 2.2e-07 -3e-07 3.6e-07 -3.8e-07 3.7e-07 -3.3e-07 2.6e-07 -1.6e-07 6e-08 6e-08 -1.6e-07 2.6e-07 -3.3e-07 3.7e-07 -3.8e-07 3.6e-07 -3e-07 2.2e-07 -1.2e-07 
1e-07 -1.9e-07 2.6e-07 -3e-07 3.2e-07 -3.1e-07 2.8e-07 -2.2e-07 1.4e-07 -5e-08 -5e-08 1.4e-07 -2.2e-07 2.8e-07 -3.1e-07 3.2e-07 -3e-07 2.6e-07 -1.9e-07 1e-07 
-9e-08 1.6e-07 -2.2e-07 2.6e-07 -2.7e-07 2.7e-07 -2.4e-07 1.9e-07 -1.2e-07 4e-08 4e-08 -1.2e-07 1.9e-07 -2.4e-07 2.7e-07 -2.7e-07 2.6e-07 -2.2e-07 1.6e-07 -9e-08 
7e-08 -1.4e-07 1.8e-07 -2.2e-07 2.3e-07 -2.3e-07 2e-07 -1.6e-07 1e-07 -3e-08 -3e-08 1e-07 -1.6e-07 2e-07 -2.3e-07 2.3e-07 -2.2e-07 1.8e-07 -1.4e-07 7e-08 
-6e-08 1.1e-07 -1.6e-07 1.8e-07 -2e-07 1.9e-07 -1.7e-07 1.3e-07 -8e-08 3e-08 3e-08 -8e-08 1.3e-07 -1.7e-07 1.9e-07 -2e-07 1.8e-07 -1.6e-07 1.1e-07 -6e-08 
5e-08 -1e-07 1.3e-07 -1.6e-07 1.7e-07 -1.6e-07 1.4e-07 -1.1e-07 7e-08 -2e-08 -2e-08 7e-08 -1.1e-07 1.4e-07 -1.6e-07 1.7e-07 -1.6e-07 1.3e-07 -1e-07 5e-08 
-5e-08 8e-08 -1.1e-07 1.3e-07 -1.4e-07 1.4e-07 -1.2e-07 1e-07 -6e-08 2e-08 2e-08 -6e-08 1e-07 -1.2e-07 1.4e-07 -1.4e-07 1.3e-07 -1.1e-07 8e-08 -5e-08 
4e-08 -7e-08 1e-07 -1.1e-07 1.2e-07 -1.2e-07 1e-07 -8e-08 5e-08 -2e-08 -2e-08 5e-08 -8e-08 1e-07 -1.2e-07 1.2e-07 -1.1e-07 1e-07 -7e-08 4e-08 
-3e-08 6e-08 -8e-08 1e-07 -1e-07 1e-07 -9e-08 7e-08 -4e-08 2e-08 2e-08 -4e-08 7e-08 -9e-08 1e-07 -1e-07 1e-07 -8e-08 6e-08 -3e-08 
3e-08 -5e-08 7e-08 -8e-08 9e-08 -8e-08 7e-08 -6e-08 4e-08 -1e-08 -1e-08 4e-08 -6e-08 7e-08 -8e-08 9e-08 -8e-08 7e-08 -5e-08 3e-08 
-2e-08 4e-08 -6e-08 7e-08 -7e-08 7e-08 -6e-08 5e-08 -3e-08 1e-08 1e-08 -3e-08 5e-08 -6e-08 7e-08 -7e-08 7e-08 -6e-08 4e-08 -2e-08 
2e-08 -4e-08 5e-08 -6e-08 6e-08 -6e-08 5e-08 -4e-08 3e-08 -1e-08 -1e-08 3e-08 -4e-08 5e-08 -6e-08 6e-08 -6e-08 5e-08 -4e-08 2e-08 
-2e-08 3e-08 -4e-08 5e-08 -5e-08 5e-08 -5e-08 4e-08 -2e-08 1e-08 1e-08 -2e-08 4e-08 -5e-08 5e-08 -5e-08 5e-08 -4e-08 3e-08 -2e-08 
1e-08 -3e-08 4e-08 -4e-08 4e-08 -4e-08 4e-08 -3e-08 2e-08 -1e-08 -1e-08 2e-08 -3e-08 4e-08 -4e-08 4e-08 -4e-08 4e-08 -3e-08 1e-08 
-1e-08 2e-08 -3e-08 4e-08 -4e-08 4e-08 -3e-08 3e-08 -2e-08 1e-08 1e-08 -2e-08 3e-08 -3e-08 4e-08 -4e-08 4e-08 -3e-08 2e-08 -1e-08 
1e-08 -2e-08 3e-08 -3e-08 3e-08 -3e-08 3e-08 -2e-08 1e-08 -0.0 -0.0 1e-08 -2e-08 3e-08 -3e-08 3e-08 -3e-08 3e-08 -2e-08 1e-08 
-1e-08 2e-08 -2e-08 3e-08 -3e-08 3e-08 -2e-08 2e-08 -1e-08 0.0 0.0 -1e-08 2e-08 -2e-08 3e-08 -3e-08 3e-08 -2e-08 2e-08 -1e-08 
1e-08 -1e-08 2e-08 -2e-08 2e-08 -2e-08 2e-08 -2e-08 1e-08 -0.0 -0.0 1e-08 -2e-08 2e-08 -2e-08 2e-08 -2e-08 2e-08 -1e-08 1e-08 
-1e-08 1e-08 -2e-08 2e-08 -2e-08 2e-08 -2e-08 1e-08 -1e-08 0.0 0.0 -1e-08 1e-08 -2e-08 2e-08 -2e-08 2e-08 -2e-08 1e-08 -1e-08 
1e-08 -1e-08 1e-08 -2e-08 2e-08 -2e-08 1e-08 -1e-08 1e-08 -0.0 -0.0 1e-08 -1e-08 1e-08 -2e-08 2e-08 -2e-08 1e-08 -1e-08 1e-08 
-0.0 1e-08 -1e-08 1e-08 -1e-08 1e-08 -1e-08 1e-08 -1e-08 0.0 0.0 -1e-08 1e-08 -1e-08 1e-08 -1e-08 1e-08 -1e-08 1e-08 -0.0 
0.0 -1e-08 1e-08 -1e-08 1e-08 -1e-08 1e-08 -1e-08 1e-08 -0.0 -0.0 1e-08 -1e-08 1e-08 -1e-08 1e-08 -1e-08 1e-08 -1e-08 0.0 
-0.0 1e-08 -1e-08 1e-08 -1e-08 1e-08 -1e-08 1e-08 -0.0 0.0 0.0 -0.0 1e-08 -1e-08 1e-08 -1e-08 1e-08 -1e-08 1e-08 -0.0 
0.0 -0.0 1e-08 -1e-08 1e-08 -1e-08 1e-08 -1e-08 0.0 -0.0 -0.0 0.0 -1e-08 1e-08 -1e-08 1e-08 -1e-08 1e-08 -0.0 0.0 