1.0 1.0 1.0 1.0 1.0 1.0 1.0 1.0 1.0 1.0 1.0 1.0 1.0 1.0 1.0 1.0 1.0 1.0 1.0 1.0 1.0 1.0 1.0 1.0 1.0 1.0 1.0 1.0 1.0 1.0 1.0 1.0 1.0 1.0 1.0 1.0 1.0 1.0 1.0 1.0 
0.35 0.75 0.7 0.7 0.7 0.7 0.7 0.7 0.7 0.7 0.7 0.7 0.7 0.7 0.7 0.7 0.7 0.7 0.7 0.7 0.7 0.7 0.7 0.7 0.7 0.7 0.7 0.7 0.7 0.7 0.7 0.7 0.7 0.7 0.7 0.7 0.7 0.7 0.75 0.35 
0.265 0.385 0.5275 0.4875 0.49 0.49 0.49 0.49 0.49 0.49 0.49 0.49 0.49 0.49 0.49 0.49 0.49 0.49 0.49 0.49 0.49 0.49 0.49 0.49 0.49 0.49 0.49 0.49 0.49 0.49 0.49 0.49 0.49 0.49 0.49 0.49 0.4875 0.5275 0.385 0.265 
0.127625 0.292625 0.31125 0.36325 0.340125 0.343125 0.343 0.343 0.343 0.343 0.343 0.343 0.343 0.343 0.343 0.343 0.343 0.343 0.343 0.343 0.343 0.343 0.343 0.343 0.343 0.343 0.343 0.343 0.343 0.343 0.343 0.343 0.343 0.343 0.343125 0.340125 0.36325 0.31125 0.292625 0.127625 
0.1014875 0.1573875 0.2389625 0.2287625 0.2498375 0.2379375 0.24029375 0.24009375 0.2401 0.2401 0.2401 0.2401 0.2401 0.2401 0.2401 0.2401 0.2401 0.2401 0.2401 0.2401 0.2401 0.2401 0.2401 0.2401 0.2401 0.2401 0.2401 0.2401 0.2401 0.2401 0.2401 0.2401 0.24009375 0.24029375 0.2379375 0.2498375 0.2287625 0.2389625 0.1573875 0.1014875 
0.05100688 0.12474188 0.13689375 0.17575375 0.16271719 0.17260969 0.16671563 0.16825563 0.16805781 0.16807031 0.16807 0.16807 0.16807 0.16807 0.16807 0.16807 0.16807 0.16807 0.16807 0.16807 0.16807 0.16807 0.16807 0.16807 0.16807 0.16807 0.16807 0.16807 0.16807 0.16807 0.16807031 0.16805781 0.16825563 0.16671563 0.17260969 0.16271719 0.17575375 0.13689375 0.12474188 0.05100688 
0.04305206 0.06637256 0.10951205 0.1049768 0.12416491 0.11457266 0.11980738 0.11687538 0.11779109 0.11763484 0.11764973 0.11764898 0.117649 0.117649 0.117649 0.117649 0.117649 0.117649 0.117649 0.117649 0.117649 0.117649 0.117649 0.117649 0.117649 0.117649 0.117649 0.117649 0.11764898 0.11764973 0.11763484 0.11779109 0.11687538 0.11980738 0.11457266 0.12416491 0.1049768 0.10951205 0.06637256 0.04305206 
0.02107342 0.0557768 0.0601789 0.08442352 0.07635381 0.0864963 0.08048141 0.08342901 0.08193123 0.08245011 0.08234153 0.0823553 0.08235426 0.0823543 0.0823543 0.0823543 0.0823543 0.0823543 0.0823543 0.0823543 0.0823543 0.0823543 0.0823543 0.0823543 0.0823543 0.0823543 0.0823543 0.08235426 0.0823553 0.08234153 0.08245011 0.08193123 0.08342901 0.08048141 0.0864963 0.07635381 0.08442352 0.0601789 0.0557768 0.02107342 
0.01930178 0.02827975 0.05120877 0.04749943 0.06133491 0.05434146 0.06005587 0.05651774 0.0582105 0.05741989 0.05770789 0.05763809 0.05764905 0.05764794 0.05764801 0.05764801 0.05764801 0.05764801 0.05764801 0.05764801 0.05764801 0.05764801 0.05764801 0.05764801 0.05764801 0.05764801 0.05764794 0.05764905 0.05763809 0.05770789 0.05741989 0.0582105 0.05651774 0.06005587 0.05434146 0.06133491 0.04749943 0.05120877 0.02827975 0.01930178 
0.00875146 0.02582925 0.02627984 0.04088641 0.03517312 0.04335546 0.03836641 0.04171848 0.03968686 0.04065957 0.04023021 0.04038938 0.04034662 0.04035452 0.04035353 0.04035361 0.04035361 0.04035361 0.04035361 0.04035361 0.04035361 0.04035361 0.04035361 0.04035361 0.04035361 0.04035353 0.04035452 0.04034662 0.04038938 0.04023021 0.04065957 0.03968686 0.04171848 0.03836641 0.04335546 0.03517312 0.04088641 0.02627984 0.02582925 0.00875146 
0.00901771 0.0119682 0.02449003 0.02112195 0.03046444 0.02528557 0.03028658 0.02702056 0.02902139 0.02786144 0.02841791 0.02818003 0.02826837 0.02824291 0.02824824 0.02824745 0.02824753 0.02824752 0.02824752 0.02824752 0.02824752 0.02824752 0.02824752 0.02824753 0.02824745 0.02824824 0.02824291 0.02826837 0.02818003 0.02841791 0.02786144 0.02902139 0.02702056 0.03028658 0.02528557 0.03046444 0.02112195 0.02449003 0.0119682 0.00901771 
0.00356278 0.012347 0.01126195 0.0201191 0.01582418 0.02189328 0.01794816 0.02106584 0.01901757 0.02021569 0.0195521 0.0198693 0.01973587 0.01978527 0.01977035 0.01977379 0.0197732 0.01977327 0.01977327 0.01977327 0.01977327 0.01977327 0.01977327 0.0197732 0.01977379 0.01977035 0.01978527 0.01973587 0.0198693 0.0195521 0.02021569 0.01901757 0.02106584 0.01794816 0.02189328 0.01582418 0.0201191 0.01126195 0.012347 0.00356278 
0.0043757 0.00492394 0.01201709 0.00912244 0.01534445 0.01144969 0.01544156 0.01268084 0.0146376 0.01338111 0.01409632 0.01371514 0.0138957 0.01382033 0.01384817 0.01383949 0.01384164 0.01384123 0.01384129 0.01384129 0.01384129 0.01384129 0.01384123 0.01384164 0.01383949 0.01384817 0.01382033 0.0138957 0.01371514 0.01409632 0.01338111 0.0146376 0.01268084 0.01544156 0.01144969 0.01534445 0.00912244 0.01201709 0.00492394 0.0043757 
0.00136872 0.006101 0.00463254 0.01012593 0.00685592 0.01122424 0.00815311 0.01079012 0.00894789 0.01017377 0.00941184 0.00983674 0.00961696 0.00971982 0.00967706 0.00969285 0.00968782 0.00968914 0.00968886 0.00968891 0.00968891 0.00968886 0.00968914 0.00968782 0.00969285 0.00967706 0.00971982 0.00961696 0.00983674 0.00941184 0.01017377 0.00894789 0.01079012 0.00815311 0.01122424 0.00685592 0.01012593 0.00463254 0.006101 0.00136872 
0.00220877 0.00189421 0.00607954 0.00372912 0.00790079 0.00495781 0.00801555 0.0057705 0.00750731 0.00631255 0.00707596 0.00661684 0.00686818 0.00674113 0.00679983 0.0067755 0.0067845 0.00678158 0.00678238 0.00678221 0.00678221 0.00678238 0.00678158 0.0067845 0.0067755 0.00679983 0.00674113 0.00686818 0.00661684 0.00707596 0.00631255 0.00750731 0.0057705 0.00801555 0.00495781 0.00790079 0.00372912 0.00607954 0.00189421 0.00220877 
0.00045371 0.00312887 0.00174385 0.00524953 0.00277002 0.00589155 0.00352092 0.00564563 0.00407864 0.00521394 0.00445298 0.00492497 0.0046494 0.00479758 0.00472402 0.00475759 0.00474372 0.00474887 0.00474718 0.00474764 0.00474764 0.00474718 0.00474887 0.00474372 0.00475759 0.00472402 0.00479758 0.0046494 0.00492497 0.00445298 0.00521394 0.00407864 0.00564563 0.00352092 0.00589155 0.00277002 0.00524953 0.00174385 0.00312887 0.00045371 
0.00116435 0.00061655 0.00319017 0.00135453 0.0041932 0.00197162 0.00427244 0.00248455 0.00394513 0.00288412 0.00361916 0.00314038 0.00343017 0.00326524 0.00335242 0.00330978 0.00332902 0.0033211 0.00332403 0.00332312 0.00332312 0.00332403 0.0033211 0.00332902 0.00330978 0.00335242 0.00326524 0.00343017 0.00314038 0.00361916 0.00288412 0.00394513 0.00248455 0.00427244 0.00197162 0.0041932 0.00135453 0.00319017 0.00061655 0.00116435 
8.711e-05 0.00167408 0.00052055 0.00282394 0.00095733 0.0031943 0.00137555 0.00304424 0.00175289 0.00274447 0.00204103 0.00251227 0.00221367 0.00239053 0.00229205 0.00234326 0.00231853 0.00232958 0.00232508 0.00232661 0.00232661 0.00232508 0.00232958 0.00231853 0.00234326 0.00229205 0.00239053 0.00221367 0.00251227 0.00204103 0.00274447 0.00175289 0.00304424 0.00137555 0.0031943 0.00095733 0.00282394 0.00052055 0.00167408 8.711e-05 
0.00064361 0.00010187 0.00174699 0.00034773 0.00231249 0.00063974 0.00235991 0.00095444 0.00214466 0.00123974 0.00190437 0.00144513 0.00174446 0.00155951 0.0016669 0.00160822 0.00163828 0.00162395 0.00163022 0.00162794 0.00162794 0.00163022 0.00162395 0.00163828 0.00160822 0.0016669 0.00155951 0.00174446 0.00144513 0.00190437 0.00123974 0.00214466 0.00095444 0.00235991 0.00063974 0.00231249 0.00034773 0.00174699 0.00010187 0.00064361 
-4.66e-05 0.00093885 3.204e-05 0.00158671 0.00018965 0.00180385 0.00041481 0.00170785 0.00066446 0.00149963 0.00087949 0.00131957 0.00102329 0.00121188 0.00109796 0.0011629 0.00112801 0.00114559 0.00113745 0.00114056 0.00114056 0.00113745 0.00114559 0.00112801 0.0011629 0.00109796 0.00121188 0.00102329 0.00131957 0.00087949 0.00149963 0.00066446 0.00170785 0.00041481 0.00180385 0.00018965 0.00158671 3.204e-05 0.00093885 -4.66e-05 
0.00037394 -8.516e-05 0.00100307 -4.846e-05 0.00133388 7.706e-05 0.00136198 0.00026653 0.00121828 0.00046621 0.00104329 0.00062554 0.00091371 0.00072438 0.00084235 0.00077251 0.00081163 0.00079101 0.00080103 0.00079705 0.00079705 0.00080103 0.00079101 0.00081163 0.00077251 0.00084235 0.00072438 0.00091371 0.00062554 0.00104329 0.00046621 0.00121828 0.00026653 0.00136198 7.706e-05 0.00133388 -4.846e-05 0.00100307 -8.516e-05 0.00037394 
-8.422e-05 0.00055323 -0.00013884 0.00093519 -0.00010682 0.00106744 9.83e-06 0.00100494 0.00017283 0.00086002 0.0003301 0.00072327 0.00044568 0.00063252 0.00051249 0.00058582 0.00054324 0.00056658 0.00055479 0.00055963 0.00055963 0.00055479 0.00056658 0.00054324 0.00058582 0.00051249 0.00063252 0.00044568 0.00072327 0.0003301 0.00086002 0.00017283 0.00100494 9.83e-06 0.00106744 -0.00010682 0.00093519 -0.00013884 0.00055323 -8.422e-05 
0.00022823 -0.00013598 0.00060492 -0.0001793 0.0008075 -0.0001358 0.00082565 -2.331e-05 0.00072899 0.00011476 0.00060239 0.00023569 0.00050019 0.00031781 0.00043789 0.00036234 0.0004076 0.00038194 0.00039534 0.0003897 0.0003897 0.00039534 0.00038194 0.0004076 0.00036234 0.00043789 0.00031781 0.00050019 0.00023569 0.00060239 0.00011476 0.00072899 -2.331e-05 0.00082565 -0.0001358 0.0008075 -0.0001793 0.00060492 -0.00013598 0.00022823 
-8.464e-05 0.00034223 -0.0001779 0.00057856 -0.00019757 0.00066339 -0.00014047 0.00062291 -3.482e-05 0.00052193 7.872e-05 0.0004194 0.00016939 0.00034533 0.00022667 0.00030321 0.00025605 0.00028357 0.00026879 0.00027515 0.00027515 0.00026879 0.00028357 0.00025605 0.00030321 0.00022667 0.00034533 0.00016939 0.0004194 7.872e-05 0.00052193 -3.482e-05 0.00062291 -0.00014047 0.00066339 -0.00019757 0.00057856 -0.0001779 0.00034223 -8.464e-05 
0.00014578 -0.00013394 0.00038242 -0.00020047 0.0005127 -0.00019529 0.00052614 -0.00012938 0.00046102 -3.456e-05 0.00036981 5.588e-05 0.00029062 0.00012229 0.00023814 0.00016164 0.00020994 0.00018102 0.00019693 0.00018996 0.00018996 0.00019693 0.00018102 0.00020994 0.00016164 0.00023814 0.00012229 0.00029062 5.588e-05 0.00036981 -3.456e-05 0.00046102 -0.00012938 0.00052614 -0.00019529 0.0005127 -0.00020047 0.00038242 -0.00013394 0.00014578 
-7.27e-05 0.00022131 -0.00016669 0.00037451 -0.00020373 0.00043203 -0.00017855 0.00040636 -0.00011037 0.00033601 -2.905e-05 0.00025978 4.087e-05 0.00020063 8.855e-05 0.00016407 0.00011531 0.00014517 0.0001284 0.00013586 0.00013586 0.0001284 0.00014517 0.00011531 0.00016407 8.855e-05 0.00020063 4.087e-05 0.00025978 -2.905e-05 0.00033601 -0.00011037 0.00040636 -0.00017855 0.00043203 -0.00020373 0.00037451 -0.00016669 0.00022131 -7.27e-05 
9.686e-05 -0.00011448 0.00025215 -0.00018083 0.00033988 -0.00019196 0.00035106 -0.00015397 0.00030733 -8.908e-05 0.00024179 -2.21e-05 0.00018119 3.057e-05 0.00013807 6.425e-05 0.00011285 8.249e-05 9.985e-05 9.202e-05 9.202e-05 9.985e-05 8.249e-05 0.00011285 6.425e-05 0.00013807 3.057e-05 0.00018119 -2.21e-05 0.00024179 -8.908e-05 0.00030733 -0.00015397 0.00035106 -0.00019196 0.00033988 -0.00018083 0.00025215 -0.00011448 9.686e-05 
-5.84e-05 0.00014864 -0.00013996 0.00025213 -0.00017928 0.00029311 -0.00017073 0.00027741 -0.00012686 0.00022845 -6.89e-05 0.00017212 -1.56e-05 0.0001256 2.323e-05 9.471e-05 4.68e-05 7.727e-05 5.956e-05 6.763e-05 6.763e-05 5.956e-05 7.727e-05 4.68e-05 9.471e-05 2.323e-05 0.0001256 -1.56e-05 0.00017212 -6.89e-05 0.00022845 -0.00012686 0.00027741 -0.00017073 0.00029311 -0.00017928 0.00025213 -0.00013996 0.00014864 -5.84e-05 
6.646e-05 -9.195e-05 0.00017219 -0.00014978 0.00023363 -0.00016648 0.00024351 -0.00014512 0.00021432 -0.00010078 0.00016735 -5.15e-05 0.00012137 -1.029e-05 8.656e-05 1.787e-05 6.465e-05 3.443e-05 5.224e-05 4.404e-05 4.404e-05 5.224e-05 3.443e-05 6.465e-05 1.787e-05 8.656e-05 -1.029e-05 0.00012137 -5.15e-05 0.00016735 -0.00010078 0.00021432 -0.00014512 0.00024351 -0.00016648 0.00023363 -0.00014978 0.00017219 -9.195e-05 6.646e-05 
-4.539e-05 0.00010295 -0.0001117 0.00017525 -0.00014729 0.0002056 -0.00014704 0.0001965 -0.0001189 0.0001625 -7.77e-05 0.00012104 -3.741e-05 8.486e-05 -6.27e-06 5.928e-05 1.398e-05 4.366e-05 2.595e-05 3.418e-05 3.418e-05 2.595e-05 4.366e-05 1.398e-05 5.928e-05 -6.27e-06 8.486e-05 -3.741e-05 0.00012104 -7.77e-05 0.0001625 -0.0001189 0.0001965 -0.00014704 0.0002056 -0.00014729 0.00017525 -0.0001117 0.00010295 -4.539e-05 
4.676e-05 -7.16e-05 0.00012091 -0.00011902 0.00016528 -0.00013632 0.00017415 -0.00012478 0.00015484 -9.452e-05 0.00012123 -5.841e-05 8.656e-05 -2.649e-05 5.883e-05 -3.34e-06 4.019e-05 1.13e-05 2.873e-05 2.057e-05 2.057e-05 2.873e-05 1.13e-05 4.019e-05 -3.34e-06 5.883e-05 -2.649e-05 8.656e-05 -5.841e-05 0.00012123 -9.452e-05 0.00015484 -0.00012478 0.00017415 -0.00013632 0.00016528 -0.00011902 0.00012091 -7.16e-05 4.676e-05 
-3.468e-05 7.302e-05 -8.685e-05 0.00012487 -0.00011689 0.00014796 -0.00012045 0.00014314 -0.00010249 0.00011959 -7.324e-05 8.917e-05 -4.296e-05 6.124e-05 -1.827e-05 4.037e-05 -1.2e-06 2.671e-05 9.71e-06 1.772e-05 1.772e-05 9.71e-06 2.671e-05 -1.2e-06 4.037e-05 -1.827e-05 6.124e-05 -4.296e-05 8.917e-05 -7.324e-05 0.00011959 -0.00010249 0.00014314 -0.00012045 0.00014796 -0.00011689 0.00012487 -8.685e-05 7.302e-05 -3.468e-05 
3.355e-05 -5.486e-05 8.674e-05 -9.255e-05 0.0001195 -0.00010833 0.00012741 -0.00010255 0.00011477 -8.191e-05 9.077e-05 -5.552e-05 6.474e-05 -3.097e-05 4.285e-05 -1.218e-05 2.726e-05 5e-07 1.694e-05 9.15e-06 9.15e-06 1.694e-05 5e-07 2.726e-05 -1.218e-05 4.285e-05 -3.097e-05 6.474e-05 -5.552e-05 9.077e-05 -8.191e-05 0.00011477 -0.00010255 0.00012741 -0.00010833 0.0001195 -9.255e-05 8.674e-05 -5.486e-05 3.355e-05 
-2.628e-05 5.274e-05 -6.661e-05 9.065e-05 -9.106e-05 0.00010852 -9.607e-05 0.00010639 -8.469e-05 9.012e-05 -6.395e-05 6.785e-05 -4.128e-05 4.642e-05 -2.186e-05 2.957e-05 -7.66e-06 1.783e-05 2.04e-06 9.57e-06 9.57e-06 2.04e-06 1.783e-05 -7.66e-06 2.957e-05 -2.186e-05 4.642e-05 -4.128e-05 6.785e-05 -6.395e-05 9.012e-05 -8.469e-05 0.00010639 -9.607e-05 0.00010852 -9.106e-05 9.065e-05 -6.661e-05 5.274e-05 -2.628e-05 
2.443e-05 -4.169e-05 6.323e-05 -7.113e-05 8.78e-05 -8.47e-05 9.475e-05 -8.224e-05 8.66e-05 -6.817e-05 6.949e-05 -4.892e-05 5e-05 -3.013e-05 3.284e-05 -1.502e-05 1.995e-05 -4.21e-06 1.086e-05 3.65e-06 3.65e-06 1.086e-05 -4.21e-06 1.995e-05 -1.502e-05 3.284e-05 -3.013e-05 5e-05 -4.892e-05 6.949e-05 -6.817e-05 8.66e-05 -8.224e-05 9.475e-05 -8.47e-05 8.78e-05 -7.113e-05 6.323e-05 -4.169e-05 2.443e-05 
-1.984e-05 3.862e-05 -5.074e-05 6.673e-05 -7.023e-05 8.069e-05 -7.55e-05 8.018e-05 -6.837e-05 6.899e-05 -5.366e-05 5.271e-05 -3.673e-05 3.633e-05 -2.156e-05 2.283e-05 -9.88e-06 1.289e-05 -1.4e-06 5.47e-06 5.47e-06 -1.4e-06 1.289e-05 -9.88e-06 2.283e-05 -2.156e-05 3.633e-05 -3.673e-05 5.271e-05 -5.366e-05 6.899e-05 -6.837e-05 8.018e-05 -7.55e-05 8.069e-05 -7.023e-05 6.673e-05 -5.074e-05 3.862e-05 -1.984e-05 
1.798e-05 -3.157e-05 4.664e-05 -5.435e-05 6.528e-05 -6.564e-05 7.128e-05 -6.503e-05 6.613e-05 -5.546e-05 5.394e-05 -4.143e-05 3.938e-05 -2.709e-05 2.6e-05 -1.503e-05 1.544e-05 -5.93e-06 7.57e-06 1.05e-06 1.05e-06 7.57e-06 -5.93e-06 1.544e-05 -1.503e-05 2.6e-05 -2.709e-05 3.938e-05 -4.143e-05 5.394e-05 -5.546e-05 6.613e-05 -6.503e-05 7.128e-05 -6.564e-05 6.528e-05 -5.435e-05 4.664e-05 -3.157e-05 1.798e-05 
-1.496e-05 2.857e-05 -3.853e-05 4.963e-05 -5.389e-05 6.059e-05 -5.884e-05 6.102e-05 -5.446e-05 5.335e-05 -4.403e-05 4.145e-05 -3.14e-05 2.897e-05 -1.959e-05 1.823e-05 -1.006e-05 9.9e-06 -2.77e-06 3.37e-06 3.37e-06 -2.77e-06 9.9e-06 -1.006e-05 1.823e-05 -1.959e-05 2.897e-05 -3.14e-05 4.145e-05 -4.403e-05 5.335e-05 -5.446e-05 6.102e-05 -5.884e-05 6.059e-05 -5.389e-05 4.963e-05 -3.853e-05 2.857e-05 -1.496e-05 
1.335e-05 -2.388e-05 3.472e-05 -4.143e-05 4.896e-05 -5.062e-05 5.406e-05 -5.102e-05 5.089e-05 -4.452e-05 4.221e-05 -3.429e-05 3.135e-05 -2.338e-05 2.095e-05 -1.381e-05 1.237e-05 -6.21e-06 5.64e-06 -1.2e-07 -1.2e-07 5.64e-06 -6.21e-06 1.237e-05 -1.381e-05 2.095e-05 -2.338e-05 3.135e-05 -3.429e-05 4.221e-05 -4.452e-05 5.089e-05 -5.102e-05 5.406e-05 -5.062e-05 4.896e-05 -4.143e-05 3.472e-05 -2.388e-05 1.335e-05 
-1.129e-05 2.13e-05 -2.924e-05 3.72e-05 -4.126e-05 4.583e-05 -4.565e-05 4.674e-05 -4.303e-05 4.151e-05 -3.564e-05 3.282e-05 -2.623e-05 2.333e-05 -1.706e-05 1.481e-05 -9.34e-06 7.9e-06 -3.15e-06 2.24e-06 2.24e-06 -3.15e-06 7.9e-06 -9.34e-06 1.481e-05 -1.706e-05 2.333e-05 -2.623e-05 3.282e-05 -3.564e-05 4.151e-05 -4.303e-05 4.674e-05 -4.565e-05 4.583e-05 -4.126e-05 3.72e-05 -2.924e-05 2.13e-05 -1.129e-05 
9.98e-06 -1.807e-05 2.603e-05 -3.156e-05 3.696e-05 -3.896e-05 4.124e-05 -3.984e-05 3.936e-05 -3.544e-05 3.319e-05 -2.799e-05 2.509e-05 -1.97e-05 1.703e-05 -1.212e-05 1.009e-05 -5.85e-06 4.41e-06 -6e-07 -6e-07 4.41e-06 -5.85e-06 1.009e-05 -1.212e-05 1.703e-05 -1.97e-05 2.509e-05 -2.799e-05 3.319e-05 -3.544e-05 3.936e-05 -3.984e-05 4.124e-05 -3.896e-05 3.696e-05 -3.156e-05 2.603e-05 -1.807e-05 9.98e-06 
-8.53e-06 1.598e-05 -2.22e-05 2.804e-05 -3.157e-05 3.485e-05 -3.533e-05 3.596e-05 -3.383e-05 3.241e-05 -2.859e-05 2.607e-05 -2.158e-05 1.886e-05 -1.449e-05 1.213e-05 -8.26e-06 6.44e-06 -3.05e-06 1.6e-06 1.6e-06 -3.05e-06 6.44e-06 -8.26e-06 1.213e-05 -1.449e-05 1.886e-05 -2.158e-05 2.607e-05 -2.859e-05 3.241e-05 -3.383e-05 3.596e-05 -3.533e-05 3.485e-05 -3.157e-05 2.804e-05 -2.22e-05 1.598e-05 -8.53e-06 
7.5e-06 -1.369e-05 1.962e-05 -2.405e-05 2.803e-05 -2.996e-05 3.159e-05 -3.103e-05 3.055e-05 -2.807e-05 2.617e-05 -2.264e-05 2.013e-05 -1.634e-05 1.389e-05 -1.036e-05 8.3e-06 -5.21e-06 3.55e-06 -7.5e-07 -7.5e-07 3.55e-06 -5.21e-06 8.3e-06 -1.036e-05 1.389e-05 -1.634e-05 2.013e-05 -2.264e-05 2.617e-05 -2.807e-05 3.055e-05 -3.103e-05 3.159e-05 -2.996e-05 2.803e-05 -2.405e-05 1.962e-05 -1.369e-05 7.5e-06 
-6.46e-06 1.205e-05 -1.687e-05 2.124e-05 -2.416e-05 2.661e-05 -2.733e-05 2.776e-05 -2.653e-05 2.537e-05 -2.282e-05 2.074e-05 -1.759e-05 1.525e-05 -1.21e-05 9.95e-06 -7.1e-06 5.3e-06 -2.76e-06 1.2e-06 1.2e-06 -2.76e-06 5.3e-06 -7.1e-06 9.95e-06 -1.21e-05 1.525e-05 -1.759e-05 2.074e-05 -2.282e-05 2.537e-05 -2.653e-05 2.776e-05 -2.733e-05 2.661e-05 -2.416e-05 2.124e-05 -1.687e-05 1.205e-05 -6.46e-06 
5.66e-06 -1.039e-05 1.485e-05 -1.835e-05 2.135e-05 -2.305e-05 2.428e-05 -2.414e-05 2.376e-05 -2.216e-05 2.065e-05 -1.819e-05 1.614e-05 -1.341e-05 1.132e-05 -8.71e-06 6.84e-06 -4.5e-06 2.89e-06 -7.5e-07 -7.5e-07 2.89e-06 -4.5e-06 6.84e-06 -8.71e-06 1.132e-05 -1.341e-05 1.614e-05 -1.819e-05 2.065e-05 -2.216e-05 2.376e-05 -2.414e-05 2.428e-05 -2.305e-05 2.135e-05 -1.835e-05 1.485e-05 -1.039e-05 5.66e-06 
-4.9e-06 9.12e-06 -1.285e-05 1.615e-05 -1.851e-05 2.038e-05 -2.113e-05 2.148e-05 -2.077e-05 1.988e-05 -1.814e-05 1.65e-05 -1.424e-05 1.233e-05 -1e-05 8.16e-06 -6e-06 4.37e-06 -2.41e-06 9.4e-07 9.4e-07 -2.41e-06 4.37e-06 -6e-06 8.16e-06 -1e-05 1.233e-05 -1.424e-05 1.65e-05 -1.814e-05 1.988e-05 -2.077e-05 2.148e-05 -2.113e-05 2.038e-05 -1.851e-05 1.615e-05 -1.285e-05 9.12e-06 -4.9e-06 
4.29e-06 -7.91e-06 1.128e-05 -1.402e-05 1.631e-05 -1.774e-05 1.87e-05 -1.877e-05 1.851e-05 -1.746e-05 1.63e-05 -1.456e-05 1.294e-05 -1.093e-05 9.21e-06 -7.23e-06 5.63e-06 -3.82e-06 2.37e-06 -6.9e-07 -6.9e-07 2.37e-06 -3.82e-06 5.63e-06 -7.23e-06 9.21e-06 -1.093e-05 1.294e-05 -1.456e-05 1.63e-05 -1.746e-05 1.851e-05 -1.877e-05 1.87e-05 -1.774e-05 1.631e-05 -1.402e-05 1.128e-05 -7.91e-06 4.29e-06 
-3.73e-06 6.93e-06 -9.8e-06 1.232e-05 -1.42e-05 1.565e-05 -1.635e-05 1.664e-05 -1.624e-05 1.559e-05 -1.438e-05 1.311e-05 -1.147e-05 9.95e-06 -8.19e-06 6.67e-06 -5e-06 3.6e-06 -2.05e-06 7.5e-07 7.5e-07 -2.05e-06 3.6e-06 -5e-06 6.67e-06 -8.19e-06 9.95e-06 -1.147e-05 1.311e-05 -1.438e-05 1.559e-05 -1.624e-05 1.664e-05 -1.635e-05 1.565e-05 -1.42e-05 1.232e-05 -9.8e-06 6.93e-06 -3.73e-06 
3.26e-06 -6.03e-06 8.6e-06 -1.073e-05 1.249e-05 -1.367e-05 1.444e-05 -1.46e-05 1.443e-05 -1.374e-05 1.287e-05 -1.162e-05 1.035e-05 -8.85e-06 7.47e-06 -5.95e-06 4.62e-06 -3.19e-06 1.95e-06 -6e-07 -6e-07 1.95e-06 -3.19e-06 4.62e-06 -5.95e-06 7.47e-06 -8.85e-06 1.035e-05 -1.162e-05 1.287e-05 -1.374e-05 1.443e-05 -1.46e-05 1.444e-05 -1.367e-05 1.249e-05 -1.073e-05 8.6e-06 -6.03e-06 3.26e-06 
-2.84e-06 5.28e-06 -7.49e-06 9.42e-06 -1.091e-05 1.204e-05 -1.265e-05 1.292e-05 -1.27e-05 1.223e-05 -1.138e-05 1.042e-05 -9.21e-06 8.01e-06 -6.67e-06 5.44e-06 -4.13e-06 2.96e-06 -1.72e-06 6e-07 6e-07 -1.72e-06 2.96e-06 -4.13e-06 5.44e-06 -6.67e-06 8.01e-06 -9.21e-06 1.042e-05 -1.138e-05 1.223e-05 -1.27e-05 1.292e-05 -1.265e-05 1.204e-05 -1.091e-05 9.42e-06 -7.49e-06 5.28e-06 -2.84e-06 
2.49e-06 -4.6e-06 6.57e-06 -8.23e-06 9.59e-06 -1.054e-05 1.116e-05 -1.135e-05 1.126e-05 -1.08e-05 1.015e-05 -9.25e-06 8.27e-06 -7.14e-06 6.05e-06 -4.87e-06 3.78e-06 -2.64e-06 1.6e-06 -5.1e-07 -5.1e-07 1.6e-06 -2.64e-06 3.78e-06 -4.87e-06 6.05e-06 -7.14e-06 8.27e-06 -9.25e-06 1.015e-05 -1.08e-05 1.126e-05 -1.135e-05 1.116e-05 -1.054e-05 9.59e-06 -8.23e-06 6.57e-06 -4.6e-06 2.49e-06 
-2.17e-06 4.03e-06 -5.74e-06 7.22e-06 -8.39e-06 9.28e-06 -9.8e-06 1.004e-05 -9.93e-06 9.6e-06 -9e-06 8.27e-06 -7.37e-06 6.43e-06 -5.41e-06 4.42e-06 -3.39e-06 2.42e-06 -1.42e-06 4.9e-07 4.9e-07 -1.42e-06 2.42e-06 -3.39e-06 4.42e-06 -5.41e-06 6.43e-06 -7.37e-06 8.27e-06 -9e-06 9.6e-06 -9.93e-06 1.004e-05 -9.8e-06 9.28e-06 -8.39e-06 7.22e-06 -5.74e-06 4.03e-06 -2.17e-06 
1.9e-06 -3.52e-06 5.03e-06 -6.32e-06 7.38e-06 -8.14e-06 8.64e-06 -8.83e-06 8.79e-06 -8.48e-06 8.01e-06 -7.35e-06 6.6e-06 -5.74e-06 4.88e-06 -3.96e-06 3.08e-06 -2.17e-06 1.31e-06 -4.2e-07 -4.2e-07 1.31e-06 -2.17e-06 3.08e-06 -3.96e-06 4.88e-06 -5.74e-06 6.6e-06 -7.35e-06 8.01e-06 -8.48e-06 8.79e-06 -8.83e-06 8.64e-06 -8.14e-06 7.38e-06 -6.32e-06 5.03e-06 -3.52e-06 1.9e-06 
-1.66e-06 3.09e-06 -4.4e-06 5.55e-06 -6.47e-06 7.17e-06 -7.6e-06 7.81e-06 -7.76e-06 7.53e-06 -7.1e-06 6.56e-06 -5.88e-06 5.16e-06 -4.37e-06 3.58e-06 -2.76e-06 1.97e-06 -1.17e-06 4e-07 4e-07 -1.17e-06 1.97e-06 -2.76e-06 3.58e-06 -4.37e-06 5.16e-06 -5.88e-06 6.56e-06 -7.1e-06 7.53e-06 -7.76e-06 7.81e-06 -7.6e-06 7.17e-06 -6.47e-06 5.55e-06 -4.4e-06 3.09e-06 -1.66e-06 
1.46e-06 -2.7e-06 3.86e-06 -4.86e-06 5.68e-06 -6.29e-06 6.7e-06 -6.88e-06 6.87e-06 -6.66e-06 6.32e-06 -5.83e-06 5.26e-06 -4.6e-06 3.93e-06 -3.21e-06 2.5e-06 -1.77e-06 1.07e-06 -3.5e-07 -3.5e-07 1.07e-06 -1.77e-06 2.5e-06 -3.21e-06 3.93e-06 -4.6e-06 5.26e-06 -5.83e-06 6.32e-06 -6.66e-06 6.87e-06 -6.88e-06 6.7e-06 -6.29e-06 5.68e-06 -4.86e-06 3.86e-06 -2.7e-06 1.46e-06 
-1.27e-06 2.37e-06 -3.38e-06 4.27e-06 -4.99e-06 5.54e-06 -5.9e-06 6.08e-06 -6.07e-06 5.91e-06 -5.6e-06 5.19e-06 -4.68e-06 4.13e-06 -3.51e-06 2.89e-06 -2.24e-06 1.6e-06 -9.6e-07 3.2e-07 3.2e-07 -9.6e-07 1.6e-06 -2.24e-06 2.89e-06 -3.51e-06 4.13e-06 -4.68e-06 5.19e-06 -5.6e-06 5.91e-06 -6.07e-06 6.08e-06 -5.9e-06 5.54e-06 -4.99e-06 4.27e-06 -3.38e-06 2.37e-06 -1.27e-06 
1.12e-06 -2.08e-06 2.97e-06 -3.74e-06 4.39e-06 -4.87e-06 5.2e-06 -5.36e-06 5.37e-06 -5.23e-06 4.98e-06 -4.62e-06 4.18e-06 -3.68e-06 3.15e-06 -2.59e-06 2.02e-06 -1.44e-06 8.7e-07 -2.9e-07 -2.9e-07 8.7e-07 -1.44e-06 2.02e-06 -2.59e-06 3.15e-06 -3.68e-06 4.18e-06 -4.62e-06 4.98e-06 -5.23e-06 5.37e-06 -5.36e-06 5.2e-06 -4.87e-06 4.39e-06 -3.74e-06 2.97e-06 -2.08e-06 1.12e-06 
-9.8e-07 1.82e-06 -2.6e-06 3.29e-06 -3.85e-06 4.29e-06 -4.58e-06 4.73e-06 -4.74e-06 4.64e-06 -4.42e-06 4.11e-06 -3.73e-06 3.29e-06 -2.82e-06 2.32e-06 -1.81e-06 1.3e-06 -7.8e-07 2.6e-07 2.6e-07 -7.8e-07 1.3e-06 -1.81e-06 2.32e-06 -2.82e-06 3.29e-06 -3.73e-06 4.11e-06 -4.42e-06 4.64e-06 -4.74e-06 4.73e-06 -4.58e-06 4.29e-06 -3.85e-06 3.29e-06 -2.6e-06 1.82e-06 -9.8e-07 
8.6e-07 -1.6e-06 2.29e-06 -2.89e-06 3.39e-06 -3.77e-06 4.04e-06 -4.18e-06 4.2e-06 -4.11e-06 3.92e-06 -3.65e-06 3.32e-06 -2.94e-06 2.52e-06 -2.08e-06 1.63e-06 -1.16e-06 7e-07 -2.3e-07 -2.3e-07 7e-07 -1.16e-06 1.63e-06 -2.08e-06 2.52e-06 -2.94e-06 3.32e-06 -3.65e-06 3.92e-06 -4.11e-06 4.2e-06 -4.18e-06 4.04e-06 -3.77e-06 3.39e-06 -2.89e-06 2.29e-06 -1.6e-06 8.6e-07 
-7.5e-07 1.4e-06 -2.01e-06 2.54e-06 -2.98e-06 3.33e-06 -3.56e-06 3.69e-06 -3.71e-06 3.64e-06 -3.48e-06 3.25e-06 -2.96e-06 2.63e-06 -2.26e-06 1.87e-06 -1.46e-06 1.05e-06 -6.3e-07 2.1e-07 2.1e-07 -6.3e-07 1.05e-06 -1.46e-06 1.87e-06 -2.26e-06 2.63e-06 -2.96e-06 3.25e-06 -3.48e-06 3.64e-06 -3.71e-06 3.69e-06 -3.56e-06 3.33e-06 -2.98e-06 2.54e-06 -2.01e-06 1.4e-06 -7.5e-07 
6.6e-07 -1.23e-06 1.76e-06 -2.23e-06 2.62e-06 -2.93e-06 3.14e-06 -3.26e-06 3.28e-06 -3.22e-06 3.09e-06 -2.89e-06 2.64e-06 -2.34e-06 2.02e-06 -1.67e-06 1.31e-06 -9.4e-07 5.7e-07 -1.9e-07 -1.9e-07 5.7e-07 -9.4e-07 1.31e-06 -1.67e-06 2.02e-06 -2.34e-06 2.64e-06 -2.89e-06 3.09e-06 -3.22e-06 3.28e-06 -3.26e-06 3.14e-06 -2.93e-06 2.62e-06 -2.23e-06 1.76e-06 -1.23e-06 6.6e-07 
-5.8e-07 1.08e-06 -1.55e-06 1.96e-06 -2.31e-06 2.58e-06 -2.77e-06 2.88e-06 -2.9e-06 2.86e-06 -2.74e-06 2.57e-06 -2.35e-06 2.09e-06 -1.8e-06 1.5e-06 -1.17e-06 8.4e-07 -5.1e-07 1.7e-07 1.7e-07 -5.1e-07 8.4e-07 -1.17e-06 1.5e-06 -1.8e-06 2.09e-06 -2.35e-06 2.57e-06 -2.74e-06 2.86e-06 -2.9e-06 2.88e-06 -2.77e-06 2.58e-06 -2.31e-06 1.96e-06 -1.55e-06 1.08e-06 -5.8e-07 
5.1e-07 -9.5e-07 1.36e-06 -1.73e-06 2.03e-06 -2.27e-06 2.44e-06 -2.54e-06 2.57e-06 -2.53e-06 2.43e-06 -2.28e-06 2.09e-06 -1.86e-06 1.61e-06 -1.34e-06 1.05e-06 -7.6e-07 4.6e-07 -1.5e-07 -1.5e-07 4.6e-07 -7.6e-07 1.05e-06 -1.34e-06 1.61e-06 -1.86e-06 2.09e-06 -2.28e-06 2.43e-06 -2.53e-06 2.57e-06 -2.54e-06 2.44e-06 -2.27e-06 2.03e-06 -1.73e-06 1.36e-06 -9.5e-07 5.1e-07 
-4.5e-07 8.4e-07 -1.2e-06 1.52e-06 -1.79e-06 2e-06 -2.16e-06 2.25e-06 -2.27e-06 2.24e-06 -2.16e-06 2.03e-06 -1.86e-06 1.66e-06 -1.44e-06 1.2e-06 -9.4e-07 6.8e-07 -4.1e-07 1.4e-07 1.4e-07 -4.1e-07 6.8e-07 -9.4e-07 1.2e-06 -1.44e-06 1.66e-06 -1.86e-06 2.03e-06 -2.16e-06 2.24e-06 -2.27e-06 2.25e-06 -2.16e-06 2e-06 -1.79e-06 1.52e-06 -1.2e-06 8.4e-07 -4.5e-07 
3.9e-07 -7.3e-07 1.05e-06 -1.34e-06 1.58e-06 -1.77e-06 1.9e-06 -1.98e-06 2.01e-06 -1.99e-06 1.92e-06 -1.8e-06 1.66e-06 -1.48e-06 1.28e-06 -1.07e-06 8.4e-07 -6.1e-07 3.7e-07 -1.2e-07 -1.2e-07 3.7e-07 -6.1e-07 8.4e-07 -1.07e-06 1.28e-06 -1.48e-06 1.66e-06 -1.8e-06 1.92e-06 -1.99e-06 2.01e-06 -1.98e-06 1.9e-06 -1.77e-06 1.58e-06 -1.34e-06 1.05e-06 -7.3e-07 3.9e-07 
-3.5e-07 6.5e-07 -9.3e-07 1.18e-06 -1.39e-06 1.56e-06 -1.68e-06 1.75e-06 -1.78e-06 1.76e-06 -1.7e-06 1.6e-06 -1.47e-06 1.32e-06 -1.14e-06 9.5e-07 -7.5e-07 5.4e-07 -3.3e-07 1.1e-07 1.1e-07 -3.3e-07 5.4e-07 -7.5e-07 9.5e-07 -1.14e-06 1.32e-06 -1.47e-06 1.6e-06 -1.7e-06 1.76e-06 -1.78e-06 1.75e-06 -1.68e-06 1.56e-06 -1.39e-06 1.18e-06 -9.3e-07 6.5e-07 -3.5e-07 
3e-07 -5.7e-07 8.2e-07 -1.04e-06 1.22e-06 -1.37e-06 1.48e-06 -1.55e-06 1.57e-06 -1.56e-06 1.51e-06 -1.42e-06 1.31e-06 -1.17e-06 1.02e-06 -8.5e-07 6.7e-07 -4.8e-07 2.9e-07 -1e-07 -1e-07 2.9e-07 -4.8e-07 6.7e-07 -8.5e-07 1.02e-06 -1.17e-06 1.31e-06 -1.42e-06 1.51e-06 -1.56e-06 1.57e-06 -1.55e-06 1.48e-06 -1.37e-06 1.22e-06 -1.04e-06 8.2e-07 -5.7e-07 3e-07 
-2.7e-07 5e-07 -7.2e-07 9.1e-07 -1.08e-06 1.21e-06 -1.31e-06 1.37e-06 -1.39e-06 1.38e-06 -1.34e-06 1.26e-06 -1.17e-06 1.05e-06 -9.1e-07 7.6e-07 -6e-07 4.3e-07 -2.6e-07 9e-08 9e-08 -2.6e-07 4.3e-07 -6e-07 7.6e-07 -9.1e-07 1.05e-06 -1.17e-06 1.26e-06 -1.34e-06 1.38e-06 -1.39e-06 1.37e-06 -1.31e-06 1.21e-06 -1.08e-06 9.1e-07 -7.2e-07 5e-07 -2.7e-07 
2.4e-07 -4.4e-07 6.3e-07 -8e-07 9.5e-07 -1.07e-06 1.16e-06 -1.21e-06 1.23e-06 -1.22e-06 1.19e-06 -1.12e-06 1.04e-06 -9.3e-07 8.1e-07 -6.8e-07 5.4e-07 -3.9e-07 2.3e-07 -8e-08 -8e-08 2.3e-07 -3.9e-07 5.4e-07 -6.8e-07 8.1e-07 -9.3e-07 1.04e-06 -1.12e-06 1.19e-06 -1.22e-06 1.23e-06 -1.21e-06 1.16e-06 -1.07e-06 9.5e-07 -8e-07 6.3e-07 -4.4e-07 2.4e-07 
-2.1e-07 3.9e-07 -5.6e-07 7.1e-07 -8.4e-07 9.4e-07 -1.02e-06 1.07e-06 -1.09e-06 1.08e-06 -1.05e-06 1e-06 -9.2e-07 8.3e-07 -7.2e-07 6e-07 -4.8e-07 3.5e-07 -2.1e-07 7e-08 7e-08 -2.1e-07 3.5e-07 -4.8e-07 6e-07 -7.2e-07 8.3e-07 -9.2e-07 1e-06 -1.05e-06 1.08e-06 -1.09e-06 1.07e-06 -1.02e-06 9.4e-07 -8.4e-07 7.1e-07 -5.6e-07 3.9e-07 -2.1e-07 
1.8e-07 -3.4e-07 4.9e-07 -6.3e-07 7.4e-07 -8.3e-07 9e-07 -9.5e-07 9.7e-07 -9.6e-07 9.3e-07 -8.8e-07 8.2e-07 -7.4e-07 6.4e-07 -5.4e-07 4.3e-07 -3.1e-07 1.9e-07 -6e-08 -6e-08 1.9e-07 -3.1e-07 4.3e-07 -5.4e-07 6.4e-07 -7.4e-07 8.2e-07 -8.8e-07 9.3e-07 -9.6e-07 9.7e-07 -9.5e-07 9e-07 -8.3e-07 7.4e-07 -6.3e-07 4.9e-07 -3.4e-07 1.8e-07 
-1.6e-07 3e-07 -4.3e-07 5.5e-07 -6.5e-07 7.4e-07 -8e-07 8.4e-07 -8.5e-07 8.5e-07 -8.3e-07 7.9e-07 -7.3e-07 6.6e-07 -5.7e-07 4.8e-07 -3.8e-07 2.8e-07 -1.7e-07 6e-08 6e-08 -1.7e-07 2.8e-07 -3.8e-07 4.8e-07 -5.7e-07 6.6e-07 -7.3e-07 7.9e-07 -8.3e-07 8.5e-07 -8.5e-07 8.4e-07 -8e-07 7.4e-07 -6.5e-07 5.5e-07 -4.3e-07 3e-07 -1.6e-07 
1.4e-07 -2.7e-07 3.8e-07 -4.9e-07 5.8e-07 -6.5e-07 7e-07 -7.4e-07 7.6e-07 -7.5e-07 7.3e-07 -7e-07 6.5e-07 -5.8e-07 5.1e-07 -4.3e-07 3.4e-07 -2.5e-07 1.5e-07 -5e-08 -5e-08 1.5e-07 -2.5e-07 3.4e-07 -4.3e-07 5.1e-07 -5.8e-07 6.5e-07 -7e-07 7.3e-07 -7.5e-07 7.6e-07 -7.4e-07 7e-07 -6.5e-07 5.8e-07 -4.9e-07 3.8e-07 -2.7e-07 1.4e-07 
-1.3e-07 2.3e-07 -3.4e-07 4.3e-07 -5.1e-07 5.7e-07 -6.2e-07 6.5e-07 -6.7e-07 6.7e-07 -6.5e-07 6.2e-07 -5.7e-07 5.2e-07 -4.5e-07 3.8e-07 -3e-07 2.2e-07 -1.3e-07 4e-08 4e-08 -1.3e-07 2.2e-07 -3e-07 3.8e-07 -4.5e-07 5.2e-07 -5.7e-07 6.2e-07 -6.5e-07 6.7e-07 -6.7e-07 6.5e-07 -6.2e-07 5.7e-07 -5.1e-07 4.3e-07 -3.4e-07 2.3e-07 -1.3e-07 
1.1e-07 -2.1e-07 3e-07 -3.8e-07 4.5e-07 -5.1e-07 5.5e-07 -5.8e-07 5.9e-07 -5.9e-07 5.8e-07 -5.5e-07 5.1e-07 -4.6e-07 4e-07 -3.4e-07 2.7e-07 -2e-07 1.2e-07 -4e-08 -4e-08 1.2e-07 -2e-07 2.7e-07 -3.4e-07 4e-07 -4.6e-07 5.1e-07 -5.5e-07 5.8e-07 -5.9e-07 5.9e-07 -5.8e-07 5.5e-07 -5.1e-07 4.5e-07 -3.8e-07 3e-07 -2.1e-07 1.1e-07 
-1e-07 1.8e-07 -2.6e-07 3.3e-07 -4e-07 4.5e-07 -4.9e-07 5.1e-07 -5.2e-07 5.2e-07 -5.1e-07 4.9e-07 -4.5e-07 4.1e-07 -3.6e-07 3e-07 -2.4e-07 1.7e-07 -1.1e-07 4e-08 4e-08 -1.1e-07 1.7e-07 -2.4e-07 3e-07 -3.6e-07 4.1e-07 -4.5e-07 4.9e-07 -5.1e-07 5.2e-07 -5.2e-07 5.1e-07 -4.9e-07 4.5e-07 -4e-07 3.3e-07 -2.6e-07 1.8e-07 -1e-07 
9e-08 -1.6e-07 2.3e-07 -2.9e-07 3.5e-07 -4e-07 4.3e-07 -4.5e-07 4.6e-07 -4.6e-07 4.5e-07 -4.3e-07 4e-07 -3.6e-07 3.2e-07 -2.7e-07 2.1e-07 -1.6e-07 9e-08 -3e-08 -3e-08 9e-08 -1.6e-07 2.1e-07 -2.7e-07 3.2e-07 -3.6e-07 4e-07 -4.3e-07 4.5e-07 -4.6e-07 4.6e-07 -4.5e-07 4.3e-07 -4e-07 3.5e-07 -2.9e-07 2.3e-07 -1.6e-07 9e-08 
-8e-08 1.4e-07 -2e-07 2.6e-07 -3.1e-07 3.5e-07 -3.8e-07 4e-07 -4.1e-07 4.1e-07 -4e-07 3.8e-07 -3.6e-07 3.2e-07 -2.8e-07 2.4e-07 -1.9e-07 1.4e-07 -8e-08 3e-08 3e-08 -8e-08 1.4e-07 -1.9e-07 2.4e-07 -2.8e-07 3.2e-07 -3.6e-07 3.8e-07 -4e-07 4.1e-07 -4.1e-07 4e-07 -3.8e-07 3.5e-07 -3.1e-07 2.6e-07 -2e-07 1.4e-07 -8e-08 
7e-08 -1.2e-07 1.8e-07 -2.3e-07 2.7e-07 -3.1e-07 3.4e-07 -3.5e-07 3.6e-07 -3.6e-07 3.6e-07 -3.4e-07 3.2e-07 -2.9e-07 2.5e-07 -2.1e-07 1.7e-07 -1.2e-07 7e-08 -2e-08 -2e-08 7e-08 -1.2e-07 1.7e-07 -2.1e-07 2.5e-07 -2.9e-07 3.2e-07 -3.4e-07 3.6e-07 -3.6e-07 3.6e-07 -3.5e-07 3.4e-07 -3.1e-07 2.7e-07 -2.3e-07 1.8e-07 -1.2e-07 7e-08 
-6e-08 1.1e-07 -1.6e-07 2e-07 -2.4e-07 2.7e-07 -3e-07 3.1e-07 -3.2e-07 3.2e-07 -3.2e-07 3e-07 -2.8e-07 2.6e-07 -2.2e-07 1.9e-07 -1.5e-07 1.1e-07 -7e-08 2e-08 2e-08 -7e-08 1.1e-07 -1.5e-07 1.9e-07 -2.2e-07 2.6e-07 -2.8e-07 3e-07 -3.2e-07 3.2e-07 -3.2e-07 3.1e-07 -3e-07 2.7e-07 -2.4e-07 2e-07 -1.6e-07 1.1e-07 -6e-08 
5e-08 -1e-07 1.4e-07 -1.8e-07 2.1e-07 -2.4e-07 2.6e-07 -2.8e-07 2.9e-07 -2.9e-07 2.8e-07 -2.7e-07 2.5e-07 -2.3e-07 2e-07 -1.7e-07 1.3e-07 -1e-07 6e-08 -2e-08 -2e-08 6e-08 -1e-07 1.3e-07 -1.7e-07 2e-07 -2.3e-07 2.5e-07 -2.7e-07 2.8e-07 -2.9e-07 2.9e-07 -2.8e-07 2.6e-07 -2.4e-07 2.1e-07 -1.8e-07 1.4e-07 -1e-07 5e-08 
-5e-08 9e-08 -1.2e-07 1.6e-07 -1.9e-07 2.1e-07 -2.3e-07 2.5e-07 -2.5e-07 2.5e-07 -2.5e-07 2.4e-07 -2.2e-07 2e-07 -1.8e-07 1.5e-07 -1.2e-07 9e-08 -5e-08 2e-08 2e-08 -5e-08 9e-08 -1.2e-07 1.5e-07 -1.8e-07 2e-07 -2.2e-07 2.4e-07 -2.5e-07 2.5e-07 -2.5e-07 2.5e-07 -2.3e-07 2.1e-07 -1.9e-07 1.6e-07 -1.2e-07 9e-08 -5e-08 
4e-08 -8e-08 1.1e-07 -1.4e-07 1.7e-07 -1.9e-07 2.1e-07 -2.2e-07 2.2e-07 -2.2e-07 2.2e-07 -2.1e-07 2e-07 -1.8e-07 1.6e-07 -1.3e-07 1.1e-07 -8e-08 5e-08 -2e-08 -2e-08 5e-08 -8e-08 1.1e-07 -1.3e-07 1.6e-07 -1.8e-07 2e-07 -2.1e-07 2.2e-07 -2.2e-07 2.2e-07 -2.2e-07 2.1e-07 -1.9e-07 1.7e-07 -1.4e-07 1.1e-07 -8e-08 4e-08 
-4e-08 7e-08 -1e-07 1.2e-07 -1.5e-07 1.7e-07 -1.8e-07 1.9e-07 -2e-07 2e-07 -2e-07 1.9e-07 -1.7e-07 1.6e-07 -1.4e-07 1.2e-07 -9e-08 7e-08 -4e-08 1e-08 1e-08 -4e-08 7e-08 -9e-08 1.2e-07 -1.4e-07 1.6e-07 -1.7e-07 1.9e-07 -2e-07 2e-07 -2e-07 1.9e-07 -1.8e-07 1.7e-07 -1.5e-07 1.2e-07 -1e-07 7e-08 -4e-08 
3e-08 -6e-08 9e-08 -1.1e-07 1.3e-07 -1.5e-07 1.6e-07 -1.7e-07 1.8e-07 -1.8e-07 1.7e-07 -1.7e-07 1.6e-07 -1.4e-07 1.2e-07 -1.1e-07 8e-08 -6e-08 4e-08 -1e-08 -1e-08 4e-08 -6e-08 8e-08 -1.1e-07 1.2e-07 -1.4e-07 1.6e-07 -1.7e-07 1.7e-07 -1.8e-07 1.8e-07 -1.7e-07 1.6e-07 -1.5e-07 1.3e-07 -1.1e-07 9e-08 -6e-08 3e-08 
-3e-08 5e-08 -8e-08 1e-07 -1.1e-07 1.3e-07 -1.4e-07 1.5e-07 -1.6e-07 1.6e-07 -1.5e-07 1.5e-07 -1.4e-07 1.3e-07 -1.1e-07 9e-08 -7e-08 5e-08 -3e-08 1e-08 1e-08 -3e-08 5e-08 -7e-08 9e-08 -1.1e-07 1.3e-07 -1.4e-07 1.5e-07 -1.5e-07 1.6e-07 -1.6e-07 1.5e-07 -1.4e-07 1.3e-07 -1.1e-07 1e-07 -8e-08 5e-08 -3e-08 
2e-08 -5e-08 7e-08 -9e-08 1e-07 -1.2e-07 1.3e-07 -1.3e-07 1.4e-07 -1.4e-07 1.4e-07 -1.3e-07 1.2e-07 -1.1e-07 1e-07 -8e-08 7e-08 -5e-08 3e-08 -1e-08 -1e-08 3e-08 -5e-08 7e-08 -8e-08 1e-07 -1.1e-07 1.2e-07 -1.3e-07 1.4e-07 -1.4e-07 1.4e-07 -1.3e-07 1.3e-07 -1.2e-07 1e-07 -9e-08 7e-08 -5e-08 2e-08 
-2e-08 4e-08 -6e-08 8e-08 -9e-08 1e-07 -1.1e-07 1.2e-07 -1.2e-07 1.2e-07 -1.2e-07 1.2e-07 -1.1e-07 1e-07 -9e-08 7e-08 -6e-08 4e-08 -3e-08 1e-08 1e-08 -3e-08 4e-08 -6e-08 7e-08 -9e-08 1e-07 -1.1e-07 1.2e-07 -1.2e-07 1.2e-07 -1.2e-07 1.2e-07 -1.1e-07 1e-07 -9e-08 8e-08 -6e-08 4e-08 -2e-08 
2e-08 -4e-08 5e-08 -7e-08 8e-08 -9e-08 1e-07 -1e-07 1.1e-07 -1.1e-07 1.1e-07 -1e-07 1e-07 -9e-08 8e-08 -7e-08 5e-08 -4e-08 2e-08 -1e-08 -1e-08 2e-08 -4e-08 5e-08 -7e-08 8e-08 -9e-08 1e-07 -1e-07 1.1e-07 -1.1e-07 1.1e-07 -1e-07 1e-07 -9e-08 8e-08 -7e-08 5e-08 -4e-08 2e-08 
-2e-08 3e-08 -5e-08 6e-08 -7e-08 8e-08 -9e-08 9e-08 -1e-07 1e-07 -9e-08 9e-08 -9e-08 8e-08 -7e-08 6e-08 -5e-08 3e-08 -2e-08 1e-08 1e-08 -2e-08 3e-08 -5e-08 6e-08 -7e-08 8e-08 -9e-08 9e-08 -9e-08 1e-07 -1e-07 9e-08 -9e-08 8e-08 -7e-08 6e-08 -5e-08 3e-08 -2e-08 
2e-08 -3e-08 4e-08 -5e-08 6e-08 -7e-08 8e-08 -8e-08 8e-08 -9e-08 8e-08 -8e-08 8e-08 -7e-08 6e-08 -5e-08 4e-08 -3e-08 2e-08 -1e-08 -1e-08 2e-08 -3e-08 4e-08 -5e-08 6e-08 -7e-08 8e-08 -8e-08 8e-08 -9e-08 8e-08 -8e-08 8e-08 -7e-08 6e-08 -5e-08 4e-08 -3e-08 2e-08 
-1e-08 2e-08 -4e-08 5e-08 -5e-08 6e-08 -7e-08 7e-08 -7e-08 8e-08 -7e-08 7e-08 -7e-08 6e-08 -5e-08 5e-08 -4e-08 3e-08 -2e-08 1e-08 1e-08 -2e-08 3e-08 -4e-08 5e-08 -5e-08 6e-08 -7e-08 7e-08 -7e-08 8e-08 -7e-08 7e-08 -7e-08 6e-08 -5e-08 5e-08 -4e-08 2e-08 -1e-08 
1e-08 -2e-08 3e-08 -4e-08 5e-08 -6e-08 6e-08 -6e-08 7e-08 -7e-08 7e-08 -6e-08 6e-08 -5e-08 5e-08 -4e-08 3e-08 -2e-08 1e-08 -0.0 -0.0 1e-08 -2e-08 3e-08 -4e-08 5e-08 -5e-08 6e-08 -6e-08 7e-08 -7e-08 7e-08 -6e-08 6e-08 -6e-08 5e-08 -4e-08 3e-08 -2e-08 1e-08 
-1e-08 2e-08 -3e-08 4e-08 -4e-08 5e-08 -5e-08 6e-08 -6e-08 6e-08 -6e-08 6e-08 -5e-08 5e-08 -4e-08 4e-08 -3e-08 2e-08 -1e-08 0.0 0.0 -1e-08 2e-08 -3e-08 4e-08 -4e-08 5e-08 -5e-08 6e-08 -6e-08 6e-08 -6e-08 6e-08 -5e-08 5e-08 -4e-08 4e-08 -3e-08 2e-08 -1e-08 
1e-08 -2e-08 2e-08 -3e-08 4e-08 -4e-08 5e-08 -5e-08 5e-08 -5e-08 5e-08 -5e-08 5e-08 -4e-08 4e-08 -3e-08 3e-08 -2e-08 1e-08 -0.0 -0.0 1e-08 -2e-08 3e-08 -3e-08 4e-08 -4e-08 5e-08 -5e-08 5e-08 -5e-08 5e-08 -5e-08 5e-08 -4e-08 4e-08 -3e-08 2e-08 -2e-08 1e-08 
-1e-08 2e-08 -2e-08 3e-08 -3e-08 4e-08 -4e-08 4e-08 -5e-08 5e-08 -5e-08 4e-08 -4e-08 4e-08 -3e-08 3e-08 -2e-08 2e-08 -1e-08 0.0 0.0 -1e-08 2e-08 -2e-08 3e-08 -3e-08 4e-08 -4e-08 4e-08 -5e-08 5e-08 -5e-08 4e-08 -4e-08 4e-08 -3e-08 3e-08 -2e-08 2e-08 -1e-08 
1e-08 -1e-08 2e-08 -2e-08 3e-08 -3e-08 4e-08 -4e-08 4e-08 -4e-08 4e-08 -4e-08 4e-08 -3e-08 3e-08 -3e-08 2e-08 -1e-08 1e-08 -0.0 -0.0 1e-08 -1e-08 2e-08 -3e-08 3e-08 -3e-08 4e-08 -4e-08 4e-08 -4e-08 4e-08 -4e-08 4e-08 -3e-08 3e-08 -2e-08 2e-08 -1e-08 1e-08 
-1e-08 1e-08 -2e-08 2e-08 -3e-08 3e-08 -3e-08 3e-08 -4e-08 4e-08 -4e-08 3e-08 -3e-08 3e-08 -3e-08 2e-08 -2e-08 1e-08 -1e-08 0.0 0.0 -1e-08 1e-08 -2e-08 2e-08 -3e-08 3e-08 -3e-08 3e-08 -4e-08 4e-08 -4e-08 3e-08 -3e-08 3e-08 -3e-08 2e-08 -2e-08 1e-08 -1e-08 
1e-08 -1e-08 2e-08 -2e-08 2e-08 -3e-08 3e-08 -3e-08 3e-08 -3e-08 3e-08 -3e-08 3e-08 -3e-08 2e-08 -2e-08 2e-08 -1e-08 1e-08 -0.0 -0.0 1e-08 -1e-08 2e-08 -2e-08 2e-08 -3e-08 3e-08 -3e-08 3e-08 -3e-08 3e-08 -3e-08 3e-08 -3e-08 2e-08 -2e-08 2e-08 -1e-08 1e-08 
-0.0 1e-08 -1e-08 2e-08 -2e-08 2e-08 -3e-08 3e-08 -3e-08 3e-08 -3e-08 3e-08 -3e-08 2e-08 -2e-08 2e-08 -1e-08 1e-08 -1e-08 0.0 0.0 -1e-08 1e-08 -1e-08 2e-08 -2e-08 2e-08 -3e-08 3e-08 -3e-08 3e-08 -3e-08 3e-08 -3e-08 2e-08 -2e-08 2e-08 -1e-08 1e-08 -0.0 
0.0 -1e-08 1e-08 -2e-08 2e-08 -2e-08 2e-08 -2e-08 3e-08 -3e-08 3e-08 -2e-08 2e-08 -2e-08 2e-08 -2e-08 1e-08 -1e-08 1e-08 -0.0 -0.0 1e-08 -1e-08 1e-08 -2e-08 2e-08 -2e-08 2e-08 -2e-08 3e-08 -3e-08 3e-08 -2e-08 2e-08 -2e-08 2e-08 -2e-08 1e-08 -1e-08 0.0 
-0.0 1e-08 -1e-08 1e-08 -2e-08 2e-08 -2e-08 2e-08 -2e-08 2e-08 -2e-08 2e-08 -2e-08 2e-08 -2e-08 1e-08 -1e-08 1e-08 -0.0 0.0 0.0 -0.0 1e-08 -1e-08 1e-08 -2e-08 2e-08 -2e-08 2e-08 -2e-08 2e-08 -2e-08 2e-08 -2e-08 2e-08 -2e-08 1e-08 -1e-08 1e-08 -0.0 
0.0 -1e-08 1e-08 -1e-08 1e-08 -2e-08 2e-08 -2e-08 2e-08 -2e-08 2e-08 -2e-08 2e-08 -2e-08 1e-08 -1e-08 1e-08 -1e-08 0.0 -0.0 -0.0 0.0 -1e-08 1e-08 -1e-08 1e-08 -2e-08 2e-08 -2e-08 2e-08 -2e-08 2e-08 -2e-08 2e-08 -2e-08 1e-08 -1e-08 1e-08 -1e-08 0.0 
-0.0 1e-08 -1e-08 1e-08 -1e-08 1e-08 -2e-08 2e-08 -2e-08 2e-08 -2e-08 2e-08 -2e-08 1e-08 -1e-08 1e-08 -1e-08 1e-08 -0.0 0.0 0.0 -0.0 1e-08 -1e-08 1e-08 -1e-08 1e-08 -2e-08 2e-08 -2e-08 2e-08 -2e-08 2e-08 -2e-08 1e-08 -1e-08 1e-08 -1e-08 1e-08 -0.0 
0.0 -1e-08 1e-08 -1e-08 1e-08 -1e-08 1e-08 -1e-08 2e-08 -2e-08 2e-08 -1e-08 1e-08 -1e-08 1e-08 -1e-08 1e-08 -1e-08 0.0 -0.0 -0.0 0.0 -1e-08 1e-08 -1e-08 1e-08 -1e-08 1e-08 -1e-08 2e-08 -2e-08 2e-08 -1e-08 1e-08 -1e-08 1e-08 -1e-08 1e-08 -1e-08 0.0 
-0.0 0.0 -1e-08 1e-08 -1e-08 1e-08 -1e-08 1e-08 -1e-08 1e-08 -1e-08 1e-08 -1e-08 1e-08 -1e-08 1e-08 -1e-08 1e-08 -0.0 0.0 0.0 -0.0 1e-08 -1e-08 1e-08 -1e-08 1e-08 -1e-08 1e-08 -1e-08 1e-08 -1e-08 1e-08 -1e-08 1e-08 -1e-08 1e-08 -1e-08 0.0 -0.0 
0.0 -0.0 1e-08 -1e-08 1e-08 -1e-08 1e-08 -1e-08 1e-08 -1e-08 1e-08 -1e-08 1e-08 -1e-08 1e-08 -1e-08 1e-08 -0.0 0.0 -0.0 -0.0 0.0 -0.0 1e-08 -1e-08 1e-08 -1e-08 1e-08 -1e-08 1e-08 -1e-08 1e-08 -1e-08 1e-08 -1e-08 1e-08 -1e-08 1e-08 -0.0 0.0 
-0.0 0.0 -1e-08 1e-08 -1e-08 1e-08 -1e-08 1e-08 -1e-08 1e-08 -1e-08 1e-08 -1e-08 1e-08 -1e-08 1e-08 -1e-08 0.0 -0.0 0.0 0.0 -0.0 0.0 -1e-08 1e-08 -1e-08 1e-08 -1e-08 1e-08 -1e-08 1e-08 -1e-08 1e-08 -1e-08 1e-08 -1e-08 1e-08 -1e-08 0.0 -0.0 
0.0 -0.0 0.0 -1e-08 1e-08 -1e-08 1e-08 -1e-08 1e-08 -1e-08 1e-08 -1e-08 1e-08 -1e-08 1e-08 -1e-08 0.0 -0.0 0.0 -0.0 -0.0 0.0 -0.0 0.0 -1e-08 1e-08 -1e-08 1e-08 -1e-08 1e-08 -1e-08 1e-08 -1e-08 1e-08 -1e-08 1e-08 -1e-08 0.0 -0.0 0.0 