1.0 1.0 1.0 1.0 1.0 1.0 1.0 1.0 1.0 1.0 1.0 1.0 1.0 1.0 1.0 1.0 1.0 1.0 1.0 1.0 1.0 1.0 1.0 1.0 1.0 1.0 1.0 1.0 1.0 1.0 1.0 1.0 1.0 1.0 1.0 1.0 1.0 1.0 1.0 1.0 
-0.1375 -0.23375 -0.28909375 -0.3194125 -0.33579305 -0.34460654 -0.34934269 -0.35188681 -0.35325328 -0.3539872 -0.35438138 -0.35459308 -0.35470679 -0.35476786 -0.35480066 -0.35481827 -0.35482773 -0.35483281 -0.35483554 -0.35483701 -0.3548378 -0.35483822 -0.35483845 -0.35483857 -0.35483863 -0.35483867 -0.35483869 -0.3548387 -0.3548387 -0.35483871 -0.35483871 -0.35483871 -0.35483871 -0.35483871 -0.35483871 -0.35483871 -0.35483871 -0.35483871 -0.26733871 -0.90608871 
-0.0352043 -0.02374754 0.00907055 0.04308461 0.07055325 0.09032249 0.10364824 0.11226224 0.11767164 0.12099753 0.12300972 0.12421177 0.12492254 0.12533928 0.1255819 0.12572231 0.12580314 0.12584946 0.12587591 0.12589095 0.12589948 0.12590431 0.12590703 0.12590856 0.12590942 0.1259099 0.12591017 0.12591032 0.1259104 0.12591045 0.12591048 0.12591049 0.1259105 0.1259105 0.12591051 0.12591051 0.11825426 0.23003551 -0.28308046 0.46128211 
0.00898627 0.02668053 0.03507297 0.03138713 0.02014369 0.00634317 -0.00677124 -0.01770871 -0.02612242 -0.03224606 -0.0365263 -0.03942712 -0.04134576 -0.04258999 -0.04338382 -0.04388341 -0.04419418 -0.04438554 -0.04450236 -0.04457312 -0.04461569 -0.04464114 -0.04465628 -0.04466524 -0.04467052 -0.04467361 -0.04467542 -0.04467648 -0.04467709 -0.04467744 -0.04467765 -0.04467776 -0.04467783 -0.04467787 -0.04400797 -0.05867927 0.05987891 -0.36399546 0.27517159 -0.12149187 
0.00886778 0.00800176 -0.00127101 -0.01158465 -0.01807311 -0.01958525 -0.01716024 -0.01248109 -0.00701961 -0.00175563 0.00279877 0.00646769 0.0092749 0.01134012 0.012813 0.01383721 0.01453462 0.01500113 0.01530847 0.01550829 0.0156367 0.01571839 0.01576987 0.01580206 0.01582204 0.01583435 0.0158419 0.01584649 0.01584928 0.01585096 0.01585197 0.01585258 0.01579432 0.01750618 -0.00243659 0.11453689 -0.2433945 0.29584912 -0.06303159 0.02110999 
-0.00093839 -0.00653424 -0.01006646 -0.00872376 -0.00387914 0.0018168 0.00635882 0.00889291 0.00945952 0.00855347 0.00677647 0.00464451 0.00251898 0.00061015 -0.00098879 -0.00226182 -0.00323641 -0.00395947 -0.00448221 -0.00485198 -0.00510871 -0.00528411 -0.00540225 -0.00548084 -0.00553254 -0.00556621 -0.00558794 -0.00560185 -0.00561068 -0.00561626 -0.00561462 -0.00580401 -0.00294974 -0.0264142 0.08506845 -0.22030645 0.23349751 -0.08513101 -0.01797205 -0.02096396 
-0.00298936 -0.00347507 -0.00038834 0.00370069 0.00624918 0.00636105 0.00453415 0.00182086 -0.00082228 -0.00281289 -0.00394868 -0.00429143 -0.00403411 -0.00340023 -0.00258567 -0.00173512 -0.00094047 -0.0002499 0.00031965 0.00077086 0.00111699 0.00137552 0.00156432 0.00169957 0.00179482 0.00186093 0.0019062 0.00193684 0.0019569 0.00199017 0.00162815 0.005565 -0.01996808 0.08417078 -0.17778013 0.20431603 -0.07456531 -0.0169712 -0.00655111 0.01262217 
-0.00015655 0.00190107 0.00367938 0.00345154 0.00146325 -0.00103395 -0.00290586 -0.00363875 -0.00329966 -0.00227028 -0.00098998 0.00019788 0.00109681 0.00164248 0.00186072 0.00182367 0.00161621 0.0013155 0.00098156 0.00065538 0.00036112 0.00011011 -9.511e-05 -0.00025734 -0.00038208 -0.00047577 -0.0005447 -0.00059659 -0.00058698 -0.00119854 0.00363398 -0.0228677 0.07312601 -0.1522627 0.16989837 -0.07169591 -0.02043588 -0.00099354 0.01484151 0.00100936 
0.00112621 0.0016361 0.00057523 -0.0012144 -0.00246735 -0.00256113 -0.00165591 -0.00031709 0.0008951 0.00164673 0.00185942 0.00163314 0.00114482 0.00056955 3.812e-05 -0.00037466 -0.00064279 -0.00077405 -0.0007946 -0.00073687 -0.00063172 -0.00050437 -0.00037316 -0.0002499 -0.00014109 -4.916e-05 2.02e-05 0.00015988 -0.00060657 0.00500502 -0.0215748 0.06612166 -0.12812155 0.14392855 -0.06386215 -0.01774351 0.00650028 0.01714865 0.0010107 -0.00155004 
0.00025028 -0.00054296 -0.00146758 -0.00157205 -0.00076941 0.00038843 0.00128087 0.00158292 0.00131465 0.0007054 2.721e-05 -0.00051599 -0.00082684 -0.00090133 -0.00079319 -0.0005776 -0.00032513 -8.825e-05 0.00010208 0.00023376 0.00030808 0.00033414 0.00032423 0.00029068 0.00024475 0.00018291 0.00025646 -0.00081893 0.00525055 -0.02089473 0.05859117 -0.10902797 0.12098277 -0.05686947 -0.01548724 0.01049233 0.01574018 -0.00191833 -0.00456315 -0.00186382 
-0.00043936 -0.00079009 -0.00044704 0.00036267 0.00102986 0.00115595 0.00075141 9.619e-05 -0.00049301 -0.00081837 -0.00083898 -0.00062861 -0.00030801 1.07e-05 0.00025347 0.00038982 0.00042383 0.00037977 0.00028887 0.00018007 7.524e-05 -1.217e-05 -7.621e-05 -0.00011497 -0.00015178 1.781e-05 -0.00119927 0.00527682 -0.01989224 0.05183852 -0.09282141 0.10192414 -0.0497218 -0.01283067 0.01295199 0.0135058 -0.00442792 -0.00587368 -0.00160645 0.0007873 
-0.00018443 0.00011881 0.00059834 0.0007562 0.00044801 -0.00010195 -0.00056366 -0.00073128 -0.00059227 -0.0002691 7.961e-05 0.00033419 0.00044328 0.00041635 0.00029835 0.0001435 -2.97e-06 -0.00011301 -0.00017603 -0.00019465 -0.00017913 -0.00014252 -9.414e-05 -7.5e-05 0.00018698 -0.00117713 0.00549345 -0.01846964 0.04591859 -0.07901313 0.08598654 -0.04302146 -0.01046225 0.01394843 0.01080686 -0.00637063 -0.00605511 -0.00046929 0.00195726 0.00082067 
0.00016913 0.00038195 0.00029395 -7.228e-05 -0.00043437 -0.00055184 -0.00038561 -6.422e-05 0.00023765 0.00040029 0.00039484 0.00026459 8.354e-05 -8.065e-05 -0.00018682 -0.00022353 -0.0002016 -0.00014299 -7.102e-05 -4.13e-06 4.614e-05 8.022e-05 5.386e-05 0.00032081 -0.00122504 0.00545876 -0.0171384 0.04043438 -0.06746829 0.072449 -0.03707171 -0.00856746 0.01391155 0.00814865 -0.00754798 -0.00541613 0.00091073 0.00276166 0.00096 -0.00018515 
0.0001148 5.98e-06 -0.00023891 -0.00036932 -0.00026439 -3.19e-06 0.00024436 0.00035083 0.00029162 0.00012645 -5.523e-05 -0.00018263 -0.00022577 -0.00019279 -0.00011391 -2.383e-05 5.06e-05 9.54e-05 0.00010869 9.611e-05 7.46e-05 -6.72e-06 0.00028013 -0.0013791 0.00524964 -0.01583353 0.03551852 -0.05764447 0.06110029 -0.0317232 -0.00696321 0.0133522 0.00588666 -0.00796881 -0.00430325 0.00214296 0.00304272 0.00055935 -0.0007243 -0.00041709 
-6.101e-05 -0.00018211 -0.00017835 -1.672e-05 0.00017859 0.00026922 0.00020962 5.312e-05 -0.00010652 -0.00019673 -0.00019506 -0.00012352 -2.505e-05 6.021e-05 0.00010866 0.00011574 9.083e-05 4.957e-05 5.99e-06 -1.942e-05 -9.929e-05 0.000254 -0.00144832 0.00505845 -0.01446093 0.03121674 -0.04921925 0.0515944 -0.02699941 -0.00566426 0.01245133 0.00401534 -0.00789538 -0.00310129 0.00298122 0.00283196 -0.00010561 -0.00121175 -0.00058772 7.44e-06 
-6.612e-05 -3.308e-05 8.906e-05 0.00017923 0.00015384 3.218e-05 -0.00010165 -0.00017116 -0.00015167 -6.938e-05 2.672e-05 9.461e-05 0.00011532 9.322e-05 4.675e-05 -3e-06 -4.014e-05 -5.912e-05 -4.727e-05 -0.00010508 0.00030958 -0.00142104 0.00487067 -0.01311414 0.02739801 -0.04205444 0.04355753 -0.02292973 -0.00466701 0.01135223 0.00251801 -0.00749762 -0.00197888 0.00343584 0.00233394 -0.00075874 -0.00145293 -0.00045391 0.00025539 0.00021291 
1.864e-05 8.452e-05 0.00010274 3.497e-05 -6.847e-05 -0.0001313 -0.00011622 -4.16e-05 4.39e-05 9.683e-05 0.00010004 6.316e-05 1.014e-05 -3.537e-05 -5.929e-05 -5.908e-05 -4.331e-05 -4.71e-06 -6.469e-05 0.00037498 -0.00138495 0.00462046 -0.01187472 0.02397739 -0.0359747 0.03675714 -0.01943281 -0.00388215 0.01020936 0.00139072 -0.00688351 -0.00100278 0.00358539 0.00172079 -0.00126362 -0.00144338 -0.00015018 0.00052174 0.00033586 2.976e-05 
3.62e-05 3.08e-05 -2.819e-05 -8.51e-05 -8.749e-05 -3.304e-05 3.874e-05 8.346e-05 8.114e-05 4.137e-05 -9.84e-06 -4.769e-05 -5.969e-05 -4.742e-05 -2.107e-05 3.8e-06 3.936e-05 -4.735e-05 0.0003956 -0.00137393 0.00431571 -0.01073446 0.02094625 -0.03077993 0.03103264 -0.01641504 -0.0032421 0.00910332 0.0005748 -0.00616793 -0.00022088 0.00349637 0.00109285 -0.00158976 -0.00125797 0.00019028 0.00069174 0.00030875 -7.546e-05 -0.00010216 
-3.12e-06 -3.757e-05 -5.68e-05 -3.1e-05 2.237e-05 6.296e-05 6.439e-05 3.014e-05 -1.557e-05 -4.728e-05 -5.251e-05 -3.449e-05 -6.13e-06 1.921e-05 2.9e-05 4.746e-05 -6.659e-05 0.00038188 -0.00136293 0.00400324 -0.00966217 0.01829266 -0.0263207 0.02621902 -0.01382495 -0.00272636 0.00805484 -8.5e-06 -0.00544007 0.00035809 0.00324417 0.00052141 -0.00174128 -0.00096942 0.00048991 0.00074225 0.00018064 -0.00021395 -0.00018049 -3.1e-05 
-1.899e-05 -2.216e-05 5.09e-06 3.89e-05 4.845e-05 2.572e-05 -1.206e-05 -4.006e-05 -4.381e-05 -2.544e-05 1.8e-06 2.338e-05 3.172e-05 2.19e-05 2.985e-05 -9.665e-05 0.00036625 -0.00132591 0.00370972 -0.00865374 0.01597233 -0.02250031 0.02215572 -0.01162539 -0.00232094 0.00707647 -0.00041446 -0.00474232 0.00076349 0.00290612 5.17e-05 -0.00174322 -0.00064029 0.00070939 0.00068894 8.66e-06 -0.00032367 -0.00019049 8.64e-06 4.597e-05 
-1.72e-06 1.558e-05 3.023e-05 2.228e-05 -4.32e-06 -2.92e-05 -3.523e-05 -2.05e-05 3.62e-06 2.263e-05 2.776e-05 2.02e-05 6.4e-07 1.161e-05 -0.00011402 0.00036405 -0.00126262 0.00343276 -0.00772408 0.01393249 -0.01923949 0.01871472 -0.00976772 -0.00199975 0.00618535 -0.0006778 -0.00409126 0.00103233 0.00253775 -0.00030477 -0.0016384 -0.00032307 0.00083372 0.00056133 -0.00016234 -0.00037915 -0.00014255 7.829e-05 9.297e-05 2.375e-05 
9.55e-06 1.421e-05 2.42e-06 -1.673e-05 -2.605e-05 -1.773e-05 1.62e-06 1.862e-05 2.358e-05 1.558e-05 2.1e-06 -1.561e-05 6.51e-06 -0.00011445 0.00037014 -0.00118812 0.00316168 -0.00688338 0.01213425 -0.01645828 0.01580206 -0.00819693 -0.00173578 0.00539104 -0.00082987 -0.00349849 0.00119269 0.00216985 -0.00055876 -0.00147103 -5.113e-05 0.00086971 0.00039512 -0.00030098 -0.00037643 -5.944e-05 0.00014491 0.00011092 1.187e-05 -1.921e-05 
2.57e-06 -5.7e-06 -1.546e-05 -1.445e-05 -1.78e-06 1.282e-05 1.888e-05 1.328e-05 6.7e-07 -9.53e-06 -1.981e-05 1.325e-05 -0.00010638 0.00037327 -0.00111534 0.00289316 -0.00612857 0.01055346 -0.01408049 0.01334261 -0.00686564 -0.00151249 0.00469018 -0.00090261 -0.00297312 0.00126669 0.0018201 -0.00072657 -0.00127404 0.00016313 0.00083824 0.00022313 -0.00039124 -0.00032596 3.41e-05 0.0001887 9.703e-05 -2.179e-05 -4.61e-05 -1.595e-05 
-4.57e-06 -8.48e-06 -3.9e-06 6.48e-06 1.354e-05 1.135e-05 1.83e-06 -8.36e-06 -1.146e-05 -1.516e-05 2.383e-05 -9.906e-05 0.00036724 -0.00104811 0.00263216 -0.00544908 0.00917122 -0.01204227 0.01126887 -0.00573866 -0.00132299 0.00407251 -0.00092279 -0.00251736 0.00127585 0.00150099 -0.00082314 -0.0010687 0.0003203 0.00076262 6.755e-05 -0.00043214 -0.00024613 0.00011735 0.00020171 5.923e-05 -6.018e-05 -6.184e-05 -1.461e-05 7.14e-06 
-2.17e-06 1.54e-06 7.55e-06 8.77e-06 3.11e-06 -5.09e-06 -1.006e-05 -7.02e-06 -8.14e-06 3.164e-05 -9.649e-05 0.00035276 -0.00098404 0.00238569 -0.00483487 0.00796721 -0.01029394 0.00951916 -0.00478882 -0.00116355 0.00352829 -0.00090846 -0.00212634 0.00124083 0.00122047 -0.00086267 -0.00086943 0.00042589 0.0006619 -6.081e-05 -0.0004321 -0.00015561 0.00017798 0.0001862 1.022e-05 -9.028e-05 -6.096e-05 7.5e-07 2.182e-05 9.85e-06 
2.05e-06 4.79e-06 3.38e-06 -2.01e-06 -6.72e-06 -7.14e-06 -1.07e-06 -3.32e-06 3.446e-05 -9.772e-05 0.00033398 -0.00091981 0.00215797 -0.00427974 0.00691927 -0.00879612 0.00804017 -0.00399196 -0.00102948 0.00305061 -0.00087057 -0.001792 0.00117832 0.00098082 -0.00085968 -0.00068646 0.00048698 0.00055018 -0.00015866 -0.00040246 -6.826e-05 0.00021243 0.00015064 -3.774e-05 -0.00010512 -4.531e-05 2.182e-05 3.309e-05 1.178e-05 -2.04e-06 
1.52e-06 1e-08 -3.48e-06 -5.01e-06 -3.07e-06 3.19e-06 -2.04e-06 3.346e-05 -9.988e-05 0.00031472 -0.00085413 0.00194949 -0.00378036 0.00600613 -0.00751518 0.00678834 -0.003325 -0.00091507 0.0026341 -0.00081662 -0.00150669 0.00109977 0.00077973 -0.00082774 -0.00052602 0.00051181 0.00043806 -0.00022662 -0.00035372 7.7e-06 0.00022306 0.00010489 -7.629e-05 -0.0001039 -2.084e-05 4.087e-05 3.62e-05 5.37e-06 -9.67e-06 -5.71e-06 
-8.3e-07 -2.59e-06 -2.37e-06 -1e-07 4.85e-06 -3.35e-06 3.092e-05 -0.00010061 0.00029682 -0.00078794 0.00175849 -0.00333401 0.00520946 -0.00642085 0.00572873 -0.00276675 -0.00081527 0.00227303 -0.00075292 -0.00126438 0.00101245 0.00061275 -0.00077785 -0.0003903 0.0005093 0.00033328 -0.0002675 -0.00029472 6.826e-05 0.00021476 5.716e-05 -0.00010176 -8.992e-05 5.72e-06 5.294e-05 3.078e-05 -5.63e-06 -1.693e-05 -8.11e-06 9e-08 
-9.8e-07 -4e-07 1.09e-06 4.56e-06 -5.59e-06 2.865e-05 -9.904e-05 0.00028033 -0.00072314 0.0015829 -0.0029372 0.00451441 -0.00548586 0.00483273 -0.00229901 -0.00072669 0.00196093 -0.00068494 -0.00106001 0.00092131 0.00047532 -0.0007178 -0.00027844 0.00048797 0.00024067 -0.00028565 -0.00023266 0.00011216 0.000193 1.314e-05 -0.00011393 -6.802e-05 2.916e-05 5.644e-05 1.929e-05 -1.698e-05 -2.049e-05 -5.84e-06 3.85e-06 3.13e-06 
3.6e-07 9.2e-07 3.47e-06 -7.49e-06 2.737e-05 -9.554e-05 0.00026452 -0.00066143 0.00142124 -0.00258548 0.00390881 -0.00468638 0.00407598 -0.00190702 -0.00064757 0.00169117 -0.00061693 -0.00088874 0.0008302 0.00036345 -0.00065281 -0.00018802 0.00045485 0.00016233 -0.00028627 -0.00017303 0.00014005 0.00016301 -2.374e-05 -0.00011453 -4.282e-05 4.654e-05 5.228e-05 5.18e-06 -2.551e-05 -1.941e-05 -4.1e-07 8.21e-06 5.09e-06 5e-07 
6e-08 2.44e-06 -8.53e-06 2.694e-05 -9.094e-05 0.00024868 -0.00060372 0.00127281 -0.002274 0.00338216 -0.00400223 0.00343734 -0.00157891 -0.00057701 0.00145772 -0.00055157 -0.00074571 0.00074215 0.00027365 -0.00058649 -0.00011629 0.00041512 9.83e-05 -0.00027451 -0.00011943 0.00015396 0.00012937 -5.176e-05 -0.00010617 -1.794e-05 5.685e-05 4.26e-05 -8.51e-06 -2.972e-05 -1.448e-05 6.02e-06 1.109e-05 4.6e-06 -1.22e-06 -1.63e-06 
2.41e-06 -8.48e-06 2.707e-05 -8.593e-05 0.00023258 -0.00055015 0.00113727 -0.00199812 0.00292502 -0.00341661 0.0028984 -0.00130492 -0.00051433 0.00125558 -0.00049023 -0.00062629 0.00065934 0.0002026 -0.00052148 -6.062e-05 0.0003724 4.747e-05 -0.00025479 -7.37e-05 0.00015673 9.578e-05 -7.064e-05 -9.176e-05 4.05e-06 6.039e-05 2.984e-05 -1.97e-05 -2.956e-05 -7.34e-06 1.155e-05 1.157e-05 2.1e-06 -3.7e-06 -3e-06 -5.5e-07 
-1.011e-05 2.575e-05 -8.19e-05 0.00021581 -0.00050082 0.00101408 -0.00175389 0.00252859 -0.00291551 0.0024434 -0.00107675 -0.00045873 0.00108065 -0.00043345 -0.00052639 0.00058298 0.00014708 -0.00045973 -1.859e-05 0.0003292 8.3e-06 -0.00023051 -3.629e-05 0.00015137 6.481e-05 -8.113e-05 -7.407e-05 2.162e-05 5.824e-05 1.62e-05 -2.734e-05 -2.583e-05 3.3e-07 1.507e-05 9.77e-06 -1.36e-06 -5.72e-06 -3.16e-06 1.5e-07 8e-07 
3.277e-05 -7.258e-05 0.00020264 -0.00045297 0.00090413 -0.00153701 0.00218552 -0.00248675 0.00205928 -0.00088705 -0.00040923 0.00092959 -0.00038133 -0.00044266 0.00051351 0.00010414 -0.00040253 1.209e-05 0.00028735 -2.084e-05 -0.00020413 -6.84e-06 0.00014058 3.794e-05 -8.466e-05 -5.547e-05 3.417e-05 5.19e-05 3.4e-06 -3.119e-05 -1.974e-05 7.2e-06 1.621e-05 6.38e-06 -4.74e-06 -6.58e-06 -2.13e-06 1.49e-06 1.67e-06 4.4e-07 
-9.312e-05 0.00017074 -0.00042051 0.00079781 -0.00134998 0.00188542 -0.00212213 0.00173371 -0.00073031 -0.00036542 0.0007991 -0.00033404 -0.00037255 0.00045079 7.114e-05 -0.00035058 3.359e-05 0.00024808 -4.152e-05 -0.00017743 1.544e-05 0.00012655 1.577e-05 -8.29e-05 -3.774e-05 4.182e-05 4.299e-05 -7.39e-06 -3.159e-05 -1.252e-05 1.243e-05 1.518e-05 2.26e-06 -7.27e-06 -6.15e-06 -3.6e-07 2.78e-06 1.99e-06 2.1e-07 -3.6e-07 
0.00022615 -0.00033391 0.00073845 -0.00116219 0.00163982 -0.00180169 0.00146442 -0.00059677 -0.00032387 0.00068818 -0.00029049 -0.00031326 0.00039487 4.62e-05 -0.00030391 4.796e-05 0.00021227 -5.521e-05 -0.00015164 3.15e-05 0.00011094 -1.72e-06 -7.747e-05 -2.197e-05 4.521e-05 3.294e-05 -1.554e-05 -2.924e-05 -5.26e-06 1.563e-05 1.251e-05 -1.78e-06 -8.58e-06 -4.68e-06 1.6e-06 3.57e-06 1.65e-06 -4.8e-07 -8.9e-07 -3.1e-07 
-0.00046796 0.00054146 -0.00109088 0.00136617 -0.00156742 0.00121185 -0.00050228 -0.00029697 0.00058611 -0.0002558 -0.00026631 0.00034328 2.638e-05 -0.00026316 5.641e-05 0.00017996 -6.354e-05 -0.00012772 4.222e-05 9.492e-05 -1.488e-05 -6.974e-05 -8.75e-06 4.522e-05 2.293e-05 -2.093e-05 -2.501e-05 1.2e-06 1.682e-05 8.86e-06 -5.15e-06 -8.64e-06 -2.58e-06 3.27e-06 3.67e-06 8e-07 -1.25e-06 -1.18e-06 -2.7e-07 1.5e-07 
0.00082545 -0.00071144 0.00134139 -0.00122663 0.0010918 -0.00036291 -0.00023203 0.00052473 -0.00020774 -0.00021593 0.00030475 1.625e-05 -0.00022422 6.273e-05 0.00015276 -6.683e-05 -0.00010559 4.897e-05 7.96e-05 -2.407e-05 -6.07e-05 1.83e-06 4.281e-05 1.377e-05 -2.377e-05 -1.975e-05 6.38e-06 1.629e-05 4.88e-06 -7.5e-06 -7.64e-06 -3e-07 4.36e-06 3.12e-06 -2.8e-07 -1.84e-06 -1.13e-06 6e-08 4.4e-07 2e-07 
-0.00123447 0.00071576 -0.00135117 0.00070754 -0.00043908 -0.00030542 0.00038413 -0.00022445 -0.00021274 0.00024457 -7.75e-06 -0.00020146 5.837e-05 0.00012422 -7.027e-05 -8.813e-05 5.097e-05 6.448e-05 -3.056e-05 -5.163e-05 9.6e-06 3.862e-05 5.81e-06 -2.455e-05 -1.425e-05 1.002e-05 1.446e-05 1.1e-06 -8.74e-06 -5.91e-06 1.77e-06 4.76e-06 2.12e-06 -1.31e-06 -2.08e-06 -7.6e-07 5e-07 6.7e-07 2.3e-07 -5e-08 
0.00154511 -0.00046297 0.0010878 -9.32e-06 -1.98e-05 0.00050455 -7.168e-05 -9.631e-05 0.00027029 2.64e-05 -0.00014548 7.694e-05 0.00011591 -6.024e-05 -6.576e-05 5.537e-05 5.41e-05 -3.221e-05 -4.134e-05 1.594e-05 3.41e-05 -2.7e-07 -2.347e-05 -8.85e-06 1.23e-05 1.189e-05 -2.06e-06 -8.91e-06 -3.79e-06 3.38e-06 4.52e-06 8.9e-07 -2.09e-06 -1.95e-06 -2e-07 8.9e-07 7.1e-07 9e-08 -2e-07 -1.2e-07 
-0.00157809 4.84e-06 -0.00067917 -0.00052686 6.493e-05 -0.00032861 -0.00027301 9.677e-05 -7.988e-05 -0.00019275 2.489e-05 6.299e-05 -8.143e-05 -6.821e-05 4.272e-05 3.504e-05 -3.872e-05 -3.635e-05 1.713e-05 2.711e-05 -6.24e-06 -2.219e-05 -4.65e-06 1.289e-05 8.71e-06 -4.62e-06 -8.35e-06 -1.71e-06 4.35e-06 3.74e-06 -3.4e-07 -2.53e-06 -1.52e-06 4.1e-07 1.13e-06 5.8e-07 -1.5e-07 -3.6e-07 -1.6e-07 0.0 
0.00124638 0.00043952 0.0003335 0.00066434 0.00018102 0.00011547 0.00034447 0.0001194 -2.375e-05 0.0001294 0.00012521 -2.195e-05 -1.673e-05 6.82e-05 4.508e-05 -2.461e-05 -1.908e-05 2.568e-05 2.632e-05 -6.58e-06 -1.736e-05 6.8e-07 1.375e-05 6.4e-06 -5.76e-06 -6.82e-06 4.1e-07 4.88e-06 2.77e-06 -1.31e-06 -2.54e-06 -8.7e-07 9.4e-07 1.17e-06 3.1e-07 -4e-07 -4.2e-07 -1.1e-07 9e-08 7e-08 
-0.0006563 -0.00061373 -0.00017311 -0.00044912 -0.00038432 -8.564e-05 -0.00019902 -0.00024932 -5.967e-05 -2.744e-05 -0.00012179 -8.407e-05 8.15e-06 -4.38e-06 -5.315e-05 -3.396e-05 1.086e-05 1.031e-05 -1.656e-05 -1.977e-05 -1e-07 1.021e-05 1.83e-06 -7.84e-06 -6.15e-06 1.36e-06 4.36e-06 1.32e-06 -2.23e-06 -2.4e-06 -2.7e-07 1.23e-06 9.7e-07 -6e-08 -5.9e-07 -4e-07 0.0 1.7e-07 1e-07 1e-08 
7.776e-05 0.00043285 0.00014527 0.00013913 0.00033038 0.00016583 6.713e-05 0.0001801 0.0001564 3.64e-05 4.358e-05 9.646e-05 5.918e-05 2.04e-06 1.139e-05 3.996e-05 2.75e-05 -1.84e-06 -5.11e-06 1.045e-05 1.483e-05 3.77e-06 -4.98e-06 -2.36e-06 3.97e-06 4.9e-06 9.3e-07 -2.12e-06 -1.55e-06 6e-07 1.54e-06 7.8e-07 -3e-07 -6.2e-07 -2.4e-07 1.7e-07 2.5e-07 1e-07 -2e-08 -3e-08 
0.00023197 -7.275e-05 -0.00011169 4.059e-05 -9.939e-05 -0.00016627 -4.565e-05 -4.619e-05 -0.00012397 -8.798e-05 -2.107e-05 -3.815e-05 -6.882e-05 -4.189e-05 -6.27e-06 -1.129e-05 -2.882e-05 -2.229e-05 -3.24e-06 1.9e-06 -6.44e-06 -1.078e-05 -5.24e-06 1.39e-06 1.8e-06 -1.69e-06 -3.39e-06 -1.77e-06 5.1e-07 1.06e-06 1.2e-07 -7.5e-07 -7.2e-07 -1.6e-07 2.3e-07 2.1e-07 1e-08 -1e-07 -7e-08 -2e-08 
-0.00021512 -0.00017776 1.527e-05 -5.923e-05 -8.064e-05 4.552e-05 5.167e-05 -1.225e-05 2.014e-05 6.974e-05 4.217e-05 7.53e-06 2.442e-05 4.445e-05 2.83e-05 6.16e-06 8.13e-06 1.944e-05 1.721e-05 5.37e-06 -1e-08 3.82e-06 7.42e-06 5.23e-06 7.7e-07 -8.7e-07 5.8e-07 2.08e-06 1.75e-06 4e-07 -4.3e-07 -2.6e-07 2.6e-07 4.7e-07 2.8e-07 1e-08 -9e-08 -4e-08 2e-08 3e-08 
3.557e-05 0.0001741 7.29e-05 1.978e-05 9.529e-05 6.808e-05 -9.78e-06 4.38e-06 3.395e-05 -6e-08 -3.151e-05 -1.449e-05 2.93e-06 -1.074e-05 -2.54e-05 -1.747e-05 -4e-06 -4.27e-06 -1.18e-05 -1.225e-05 -5.51e-06 -9.1e-07 -2.13e-06 -4.72e-06 -4.35e-06 -1.75e-06 1e-08 -2e-07 -1.14e-06 -1.36e-06 -7.4e-07 -6e-08 1.3e-07 -6e-08 -2.5e-07 -2.4e-07 -1.1e-07 -1e-08 1e-08 -2e-08 
8.881e-05 -1.911e-05 -7.031e-05 -1.63e-06 -1.795e-05 -7.071e-05 -4.049e-05 -1.68e-06 -2.038e-05 -3.486e-05 -9.39e-06 1.034e-05 5.6e-07 -8.7e-06 1.03e-06 1.216e-05 9.46e-06 1.58e-06 1.03e-06 5.99e-06 7.79e-06 4.53e-06 1.17e-06 1.07e-06 2.68e-06 3.12e-06 1.9e-06 5.3e-07 1.7e-07 5.8e-07 8.9e-07 7.1e-07 3e-07 4e-08 3e-08 1.2e-07 1.5e-07 1.1e-07 5e-08 4e-08 
-7.383e-05 -8.642e-05 -8.8e-07 1.79e-06 -3.116e-05 2.87e-06 3.571e-05 1.479e-05 -1.07e-06 1.663e-05 2.596e-05 1.012e-05 -1.79e-06 4.04e-06 9.9e-06 3.94e-06 -4.19e-06 -4.26e-06 1.2e-07 1.02e-06 -2.07e-06 -4.21e-06 -3.13e-06 -1.02e-06 -4.3e-07 -1.27e-06 -1.92e-06 -1.56e-06 -7.3e-07 -2.5e-07 -3e-07 -5.2e-07 -5.4e-07 -3.5e-07 -1.5e-07 -7e-08 -7e-08 -1e-07 -7e-08 -7e-08 
-5.05e-06 6.051e-05 4.744e-05 4.51e-06 2.125e-05 3.604e-05 7.03e-06 -1.153e-05 1.48e-06 6.87e-06 -7.56e-06 -1.509e-05 -6.59e-06 2.6e-07 -3.54e-06 -8.02e-06 -5.16e-06 2.9e-07 1.45e-06 -8.5e-07 -1.85e-06 -1.6e-07 1.72e-06 1.79e-06 7.1e-07 8e-08 4.1e-07 9.6e-07 1.04e-06 6.6e-07 2.8e-07 1.8e-07 2.7e-07 3.4e-07 2.9e-07 1.8e-07 9e-08 8e-08 5e-08 8e-08 
4.199e-05 1.683e-05 -2.618e-05 -1.146e-05 2.94e-06 -1.804e-05 -2.636e-05 -7.79e-06 1.21e-06 -7.59e-06 -9.74e-06 5.3e-07 6.66e-06 2.64e-06 -1.24e-06 1.28e-06 4.94e-06 4.23e-06 1e-06 -3.1e-07 8.2e-07 1.77e-06 1.07e-06 -2.6e-07 -7.9e-07 -3.9e-07 7e-08 3e-08 -3.3e-07 -5.4e-07 -4.6e-07 -2.5e-07 -1.3e-07 -1.4e-07 -1.8e-07 -1.9e-07 -1.4e-07 -1.1e-07 -5e-08 -8e-08 
-1.743e-05 -4.214e-05 -1.662e-05 4.29e-06 -8.07e-06 -1.027e-05 7.73e-06 1.366e-05 3.52e-06 1e-07 6.85e-06 8.82e-06 2.54e-06 -1.95e-06 -2e-07 2.16e-06 6.9e-07 -2.14e-06 -2.6e-06 -9.8e-07 7e-08 -4.2e-07 -1.22e-06 -1.13e-06 -3.8e-07 1.8e-07 1.5e-07 -1.1e-07 -1.9e-07 -1e-08 1.9e-07 2.4e-07 1.7e-07 9e-08 6e-08 9e-08 9e-08 1.1e-07 5e-08 9e-08 
-1.498e-05 9.12e-06 2.386e-05 7.94e-06 1.66e-06 1.238e-05 1.198e-05 -4.9e-07 -4.56e-06 8e-07 1.77e-06 -3.49e-06 -5.86e-06 -2.66e-06 2.5e-07 -5.4e-07 -2.19e-06 -1.61e-06 3.2e-07 1.19e-06 5.6e-07 -1.5e-07 -0.0 5.8e-07 8e-07 4.9e-07 1e-07 -2e-08 9e-08 1.9e-07 1.4e-07 1e-08 -8e-08 -9e-08 -4e-08 -4e-08 -2e-08 -7e-08 -2e-08 -7e-08 
1.553e-05 2.004e-05 1.8e-07 -7.5e-06 1.11e-06 5.7e-07 -8.62e-06 -8.98e-06 -1.71e-06 5.4e-07 -2.74e-06 -3.21e-06 5e-07 2.85e-06 1.58e-06 -1.4e-07 2.5e-07 1.52e-06 1.58e-06 4.9e-07 -3.2e-07 -2.1e-07 2.2e-07 2.5e-07 -1.1e-07 -4e-07 -3.6e-07 -1.6e-07 -3e-08 -5e-08 -1.2e-07 -1.3e-07 -8e-08 -1e-08 1e-08 3e-08 -1e-08 3e-08 -1e-08 4e-08 
2.37e-06 -1.259e-05 -1.45e-05 -2.7e-06 -3e-07 -5.65e-06 -3.6e-06 3.47e-06 4.64e-06 9.1e-07 -1e-08 2.42e-06 3.18e-06 9.9e-07 -8.8e-07 -5.6e-07 4.2e-07 2.7e-07 -6.6e-07 -1.06e-06 -6.1e-07 -5e-08 4e-08 -2e-07 -3.1e-07 -1.4e-07 9e-08 1.8e-07 1.1e-07 3e-08 2e-08 5e-08 9e-08 7e-08 6e-08 -0.0 3e-08 -2e-08 3e-08 -1e-08 
-9.32e-06 -7e-06 4.93e-06 6.38e-06 6.1e-07 1.29e-06 5.57e-06 4.35e-06 -2.9e-07 -1.48e-06 4.2e-07 7.4e-07 -1.13e-06 -2.17e-06 -1.18e-06 5e-08 7e-08 -5.3e-07 -5.7e-07 2e-08 4.9e-07 4.2e-07 1.1e-07 -2e-08 1e-07 2.3e-07 2e-07 6e-08 -4e-08 -5e-08 -1e-08 1e-08 -2e-08 -2e-08 -6e-08 -2e-08 -4e-08 0.0 -2e-08 -1e-08 
1.66e-06 9.3e-06 7.08e-06 -3.2e-07 -8.9e-07 1.96e-06 3.4e-07 -3.27e-06 -3.17e-06 -6e-07 1.6e-07 -9.9e-07 -1.27e-06 -1e-08 1.02e-06 7.7e-07 8e-08 -2e-08 3.8e-07 5.6e-07 2.8e-07 -9e-08 -1.9e-07 -6e-08 4e-08 -1e-08 -1.1e-07 -1.5e-07 -9e-08 -3e-08 1e-08 -1e-08 -1e-08 -3e-08 2e-08 -0.0 3e-08 1e-08 1e-08 1e-08 
4.65e-06 1.26e-06 -4.98e-06 -4.15e-06 -4.6e-07 -9e-07 -2.86e-06 -1.64e-06 1.05e-06 1.53e-06 2.7e-07 -9e-08 7.7e-07 1.2e-06 5.4e-07 -2.5e-07 -3.3e-07 2e-08 1.3e-07 -1.3e-07 -3.6e-07 -3e-07 -8e-08 4e-08 1e-08 -5e-08 -5e-08 2e-08 7e-08 7e-08 3e-08 2e-08 -0.0 3e-08 0.0 2e-08 -1e-08 -0.0 -0.0 -1e-08 
-2.17e-06 -5.59e-06 -2.85e-06 1.36e-06 1.17e-06 -4.8e-07 4.6e-07 2.2e-06 1.76e-06 9e-08 -4.3e-07 2e-07 3.9e-07 -2.4e-07 -7.6e-07 -5.5e-07 -7e-08 8e-08 -9e-08 -2e-07 -6e-08 1.4e-07 1.9e-07 1e-07 1e-08 0.0 4e-08 6e-08 4e-08 -1e-08 -2e-08 -3e-08 -0.0 -2e-08 0.0 -2e-08 -1e-08 -0.0 -1e-08 0.0 
-2.04e-06 6.5e-07 3.62e-06 2.32e-06 5e-08 3.3e-07 1.26e-06 4.3e-07 -1.03e-06 -1.14e-06 -2.9e-07 5e-08 -3.4e-07 -5.4e-07 -1.6e-07 2.9e-07 3.4e-07 1e-07 -2e-08 7e-08 1.8e-07 1.4e-07 1e-08 -7e-08 -6e-08 -1e-08 0.0 -2e-08 -5e-08 -3e-08 -3e-08 1e-08 -0.0 1e-08 -0.0 0.0 1e-08 0.0 1e-08 0.0 
1.67e-06 3.01e-06 8.6e-07 -1.39e-06 -9.7e-07 4e-08 -4.4e-07 -1.25e-06 -8.4e-07 1.7e-07 4.7e-07 9e-08 -9e-08 2e-07 4.4e-07 3e-07 -1e-08 -1.3e-07 -4e-08 4e-08 -0.0 -1e-07 -1.2e-07 -6e-08 0.0 2e-08 1e-08 -1e-08 0.0 1e-08 3e-08 1e-08 2e-08 -0.0 0.0 0.0 -0.0 0.0 -0.0 -0.0 
7.8e-07 -9.9e-07 -2.29e-06 -1.16e-06 1.9e-07 0.0 -4.9e-07 -1e-08 7.5e-07 7.2e-07 1.5e-07 -1e-07 8e-08 2e-07 1e-08 -2.3e-07 -2.4e-07 -8e-08 2e-08 -0.0 -6e-08 -5e-08 2e-08 7e-08 6e-08 2e-08 -0.0 1e-08 1e-08 2e-08 -1e-08 -0.0 -2e-08 -1e-08 -0.0 -1e-08 -0.0 -0.0 -0.0 0.0 
-1.08e-06 -1.52e-06 -8e-08 1.08e-06 6.7e-07 3e-08 2.6e-07 6.4e-07 3.6e-07 -2.3e-07 -3.8e-07 -1.3e-07 2e-08 -1e-07 -2.2e-07 -1.3e-07 4e-08 1.2e-07 7e-08 0.0 0.0 4e-08 6e-08 3e-08 -1e-08 -3e-08 -1e-08 -1e-08 0.0 -1e-08 -1e-08 -1e-08 -0.0 0.0 0.0 0.0 0.0 0.0 0.0 0.0 
-2.5e-07 8.2e-07 1.35e-06 5.3e-07 -2.5e-07 -1.2e-07 1.6e-07 -9e-08 -4.7e-07 -4.1e-07 -5e-08 1.2e-07 3e-08 -6e-08 2e-08 1.4e-07 1.4e-07 4e-08 -3e-08 -3e-08 1e-08 1e-08 -2e-08 -4e-08 -4e-08 -1e-08 0.0 1e-08 -0.0 0.0 -0.0 1e-08 1e-08 0.0 0.0 -0.0 -0.0 0.0 -0.0 -0.0 
6.4e-07 7.3e-07 -1.6e-07 -7.4e-07 -4.1e-07 -1e-08 -1.2e-07 -3.1e-07 -1.3e-07 1.9e-07 2.7e-07 1e-07 -1e-08 3e-08 9e-08 5e-08 -5e-08 -9e-08 -6e-08 -1e-08 1e-08 -1e-08 -2e-08 -1e-08 2e-08 2e-08 2e-08 -0.0 0.0 -0.0 0.0 0.0 -0.0 -0.0 -0.0 -0.0 -0.0 -0.0 -0.0 0.0 
5e-08 -5.7e-07 -7.6e-07 -2.2e-07 2.3e-07 1.3e-07 -4e-08 8e-08 2.7e-07 2.2e-07 -0.0 -1.1e-07 -5e-08 1e-08 -2e-08 -7e-08 -7e-08 -2e-08 3e-08 3e-08 1e-08 -0.0 1e-08 2e-08 1e-08 1e-08 -1e-08 -1e-08 -1e-08 -0.0 0.0 -0.0 -0.0 -0.0 -0.0 0.0 0.0 0.0 0.0 0.0 
-3.7e-07 -3.4e-07 1.9e-07 4.7e-07 2.4e-07 -1e-08 4e-08 1.4e-07 4e-08 -1.4e-07 -1.7e-07 -6e-08 2e-08 1e-08 -3e-08 -2e-08 3e-08 6e-08 4e-08 0.0 -1e-08 -0.0 1e-08 -0.0 -1e-08 -2e-08 -1e-08 -0.0 0.0 0.0 -0.0 0.0 0.0 0.0 0.0 0.0 -0.0 0.0 -0.0 -0.0 
2e-08 3.6e-07 4.2e-07 8e-08 -1.7e-07 -1.1e-07 1e-08 -5e-08 -1.5e-07 -1.1e-07 2e-08 8e-08 5e-08 0.0 1e-08 3e-08 4e-08 0.0 -2e-08 -2e-08 -1e-08 0.0 -0.0 -0.0 -1e-08 0.0 1e-08 1e-08 1e-08 -0.0 0.0 0.0 -0.0 0.0 -0.0 -0.0 -0.0 -0.0 -0.0 0.0 
2e-07 1.6e-07 -1.5e-07 -2.9e-07 -1.3e-07 2e-08 -0.0 -6e-08 -1e-08 9e-08 1e-07 4e-08 -2e-08 -2e-08 1e-08 0.0 -2e-08 -3e-08 -2e-08 0.0 1e-08 0.0 0.0 -0.0 1e-08 1e-08 0.0 0.0 -0.0 -0.0 -0.0 -0.0 0.0 -0.0 -0.0 0.0 0.0 0.0 0.0 0.0 
-3e-08 -2.2e-07 -2.3e-07 -2e-08 1.2e-07 8e-08 0.0 3e-08 8e-08 5e-08 -2e-08 -6e-08 -4e-08 -0.0 0.0 -1e-08 -2e-08 0.0 1e-08 2e-08 1e-08 0.0 -0.0 0.0 0.0 -0.0 -0.0 -1e-08 -0.0 0.0 0.0 0.0 0.0 -0.0 0.0 0.0 0.0 0.0 0.0 -0.0 
-1.1e-07 -7e-08 1.1e-07 1.7e-07 7e-08 -2e-08 -1e-08 2e-08 -0.0 -5e-08 -6e-08 -2e-08 2e-08 2e-08 0.0 -0.0 1e-08 2e-08 1e-08 -0.0 -1e-08 -1e-08 -0.0 -0.0 -0.0 -0.0 -0.0 0.0 0.0 0.0 0.0 0.0 -0.0 0.0 0.0 -0.0 -0.0 -0.0 -0.0 -0.0 
2e-08 1.3e-07 1.2e-07 -0.0 -8e-08 -5e-08 -0.0 -1e-08 -4e-08 -3e-08 1e-08 4e-08 2e-08 0.0 -0.0 0.0 0.0 0.0 -1e-08 -1e-08 -1e-08 0.0 0.0 0.0 0.0 -0.0 0.0 0.0 0.0 0.0 -0.0 -0.0 -0.0 -0.0 -0.0 -0.0 -0.0 -0.0 0.0 0.0 
6e-08 3e-08 -7e-08 -1e-07 -4e-08 2e-08 1e-08 -1e-08 0.0 3e-08 3e-08 1e-08 -1e-08 -1e-08 -0.0 -0.0 -0.0 -1e-08 -0.0 0.0 1e-08 0.0 0.0 0.0 -0.0 0.0 0.0 -0.0 -0.0 -0.0 -0.0 0.0 0.0 0.0 0.0 0.0 0.0 0.0 0.0 -0.0 
-2e-08 -8e-08 -7e-08 1e-08 5e-08 3e-08 0.0 0.0 2e-08 1e-08 -1e-08 -2e-08 -2e-08 -0.0 0.0 0.0 -0.0 0.0 0.0 1e-08 0.0 -0.0 -0.0 -0.0 -0.0 -0.0 -0.0 -0.0 -0.0 0.0 0.0 0.0 0.0 0.0 0.0 -0.0 0.0 -0.0 -0.0 -0.0 
-3e-08 -1e-08 4e-08 6e-08 2e-08 -1e-08 -1e-08 0.0 -0.0 -2e-08 -2e-08 -1e-08 1e-08 1e-08 0.0 -0.0 0.0 0.0 0.0 -0.0 -0.0 -0.0 -0.0 0.0 0.0 -0.0 0.0 0.0 0.0 0.0 0.0 -0.0 -0.0 -0.0 -0.0 -0.0 -0.0 -0.0 -0.0 0.0 
1e-08 4e-08 4e-08 -1e-08 -3e-08 -2e-08 -0.0 -0.0 -1e-08 -1e-08 1e-08 1e-08 1e-08 0.0 -0.0 -0.0 -0.0 0.0 -0.0 -0.0 -0.0 0.0 0.0 0.0 0.0 0.0 0.0 0.0 0.0 -0.0 -0.0 -0.0 -0.0 -0.0 0.0 0.0 -0.0 0.0 0.0 0.0 
2e-08 1e-08 -3e-08 -4e-08 -1e-08 1e-08 1e-08 0.0 0.0 1e-08 1e-08 0.0 -0.0 -1e-08 -0.0 -0.0 0.0 -0.0 -0.0 0.0 0.0 0.0 0.0 -0.0 -0.0 -0.0 -0.0 -0.0 -0.0 -0.0 -0.0 0.0 0.0 0.0 0.0 -0.0 0.0 0.0 -0.0 -0.0 
-1e-08 -3e-08 -2e-08 0.0 2e-08 1e-08 0.0 -0.0 0.0 0.0 -0.0 -1e-08 -1e-08 0.0 0.0 0.0 0.0 0.0 0.0 0.0 0.0 -0.0 -0.0 -0.0 -0.0 -0.0 0.0 -0.0 -0.0 0.0 0.0 0.0 0.0 -0.0 -0.0 -0.0 -0.0 -0.0 -0.0 0.0 
-1e-08 -0.0 2e-08 2e-08 1e-08 -1e-08 -1e-08 -0.0 -0.0 -0.0 -0.0 -0.0 0.0 0.0 0.0 -0.0 -0.0 0.0 0.0 -0.0 -0.0 -0.0 -0.0 0.0 0.0 0.0 0.0 -0.0 0.0 0.0 -0.0 -0.0 -0.0 -0.0 -0.0 0.0 -0.0 0.0 0.0 0.0 
0.0 1e-08 1e-08 -0.0 -1e-08 -1e-08 -0.0 0.0 -0.0 -0.0 0.0 0.0 0.0 0.0 -0.0 -0.0 -0.0 -0.0 -0.0 -0.0 -0.0 0.0 0.0 0.0 0.0 -0.0 -0.0 0.0 -0.0 -0.0 -0.0 -0.0 -0.0 0.0 0.0 0.0 0.0 0.0 0.0 -0.0 
1e-08 0.0 -1e-08 -1e-08 -0.0 0.0 0.0 0.0 0.0 0.0 0.0 0.0 -0.0 -0.0 -0.0 0.0 0.0 0.0 -0.0 0.0 0.0 0.0 0.0 -0.0 -0.0 -0.0 -0.0 0.0 -0.0 0.0 0.0 0.0 0.0 0.0 0.0 -0.0 -0.0 -0.0 -0.0 -0.0 
-0.0 -1e-08 -1e-08 0.0 1e-08 1e-08 0.0 -0.0 -0.0 0.0 -0.0 -0.0 -0.0 -0.0 0.0 0.0 0.0 0.0 0.0 0.0 0.0 -0.0 -0.0 -0.0 -0.0 0.0 0.0 0.0 0.0 0.0 0.0 0.0 0.0 -0.0 -0.0 -0.0 -0.0 -0.0 0.0 0.0 