1.0 1.0 1.0 1.0 1.0 1.0 1.0 1.0 1.0 1.0 1.0 1.0 1.0 1.0 1.0 1.0 1.0 1.0 1.0 1.0 
-0.1375 -0.23375 -0.28909375 -0.3194125 -0.33579305 -0.34460654 -0.34934269 -0.35188681 -0.35325328 -0.3539872 -0.35438138 -0.35459308 -0.35470679 -0.35476786 -0.35480066 -0.35481827 -0.35482773 -0.35483281 -0.26733554 -0.90608701 
-0.0352043 -0.02374754 0.00907055 0.04308461 0.07055325 0.09032249 0.10364824 0.11226224 0.11767164 0.12099753 0.12300972 0.12421177 0.12492254 0.12533928 0.1255819 0.12572231 0.11814689 0.22997446 -0.28311498 0.46126201 
0.00898627 0.02668053 0.03507297 0.03138713 0.02014369 0.00634317 -0.00677124 -0.01770871 -0.02612242 -0.03224606 -0.0365263 -0.03942712 -0.04134576 -0.04258999 -0.0427139 -0.05788478 0.06036264 -0.36370299 0.27534581 -0.12138042 
0.00886778 0.00800176 -0.00127101 -0.01158465 -0.01807311 -0.01958525 -0.01716024 -0.01248109 -0.00701961 -0.00175563 0.00279877 0.00646769 0.00921629 0.01299315 -0.00547687 0.11252074 -0.24471309 0.29499537 -0.0635665 0.02072667 
-0.00093839 -0.00653424 -0.01006646 -0.00872376 -0.00387914 0.0018168 0.00635882 0.00889291 0.00945952 0.00855347 0.0067816 0.00446242 0.00519253 -0.02017993 0.08970426 -0.21694308 0.23588437 -0.08345509 -0.0168749 -0.02005511 
-0.00298936 -0.00347507 -0.00038834 0.00370069 0.00624918 0.00636105 0.00453415 0.00182086 -0.00082273 -0.00279368 -0.00430044 -0.00071217 -0.0259917 0.07877858 -0.18235896 0.20058429 -0.07748987 -0.01926032 -0.00808427 0.01106762 
-0.00015655 0.00190107 0.00367938 0.00345154 0.00146325 -0.00103395 -0.00290582 -0.00364071 -0.00325648 -0.00281371 0.00331643 -0.02198549 0.07491516 -0.14992199 0.17245812 -0.06915699 -0.01815743 0.00115887 0.01621052 0.00294525 
0.00112621 0.0016361 0.00057523 -0.0012144 -0.00246736 -0.00256094 -0.00166096 -0.00024139 0.00015894 0.00648789 -0.01990462 0.06754697 -0.12719731 0.14426493 -0.06404949 -0.01840168 0.00573402 0.01584446 0.00049318 -0.0032501 
0.00025028 -0.00054296 -0.00146758 -0.00157206 -0.00076884 0.00037852 0.00139508 0.00066804 0.00650954 -0.0202113 0.05862362 -0.1095165 0.12019665 -0.05770285 -0.01625499 0.01009919 0.0152392 -0.00146997 -0.00500737 -0.00093896 
-0.00043936 -0.00079009 -0.0004471 0.0003639 0.00101338 0.00131173 -0.00031872 0.00548625 -0.02029136 0.0510937 -0.09360539 0.10132956 -0.04999601 -0.01284857 0.01330789 0.01366145 -0.00362167 -0.00605106 -0.00082059 0.00065927 
-0.00018442 0.00011866 0.00060059 0.00073169 0.0006457 -0.00129899 0.00488912 -0.01925329 0.04526948 -0.07933709 0.08601234 -0.04271949 -0.01009116 0.01443072 0.01088347 -0.00589604 -0.00652722 -0.00014696 0.0015452 0.00060004 
0.00016883 0.00038557 0.00026037 0.0001654 -0.00172836 0.00485696 -0.01755412 0.04035773 -0.06722775 0.07285868 -0.03664642 -0.00831451 0.01410397 0.00791159 -0.00741468 -0.00601671 0.00109443 0.00243192 0.00086771 -5.543e-05 
0.0001205 -3.704e-05 3.526e-05 -0.00173096 0.00501737 -0.01579829 0.03580061 -0.05726008 0.06141384 -0.03156904 -0.00704148 0.01324966 0.00549981 -0.00790699 -0.00476257 0.0024239 0.00291905 0.00061955 -0.00051131 -0.00037056 
-0.00011939 0.00012035 -0.00158245 0.00507449 -0.01426378 0.03149074 -0.04901463 0.05163136 -0.02711184 -0.00590764 0.01231158 0.00373951 -0.00770263 -0.0033347 0.00335294 0.00281004 -3.721e-05 -0.00106209 -0.00061611 -6.043e-05 
0.00031225 -0.00142342 0.00496334 -0.01294706 0.0275329 -0.04204014 0.04343798 -0.02309979 -0.00484941 0.01134827 0.00242607 -0.00719941 -0.00210257 0.00376035 0.0022718 -0.00077942 -0.00140601 -0.00054544 0.00016101 0.00020575 
-0.00166488 0.00450936 -0.01189235 0.02394262 -0.03607818 0.03660822 -0.01954142 -0.00394493 0.01031699 0.00138406 -0.00660906 -0.00114871 0.00378458 0.00158792 -0.00134603 -0.00143308 -0.00022676 0.00047044 0.00037242 6.522e-05 
0.00544579 -0.00998959 0.02136672 -0.03058412 0.03111579 -0.01633282 -0.00316372 0.009274 0.00057802 -0.00597074 -0.00040855 0.00360825 0.00095241 -0.0016568 -0.00121689 0.00016806 0.00069091 0.00037109 -3.435e-05 -0.00010543 
-0.01294664 0.01606236 -0.02778007 0.02529676 -0.0143545 -0.00303809 0.00794337 -0.00020225 -0.0054139 0.00010431 0.00329559 0.00040325 -0.00177368 -0.00090079 0.0004945 0.00075009 0.00022638 -0.00020031 -0.00020806 -4.904e-05 
0.02338439 -0.01733721 0.02561662 -0.00930625 -0.00081166 0.00810276 0.00011756 -0.00427387 0.00084309 0.00315752 0.00010227 -0.00166988 -0.00052143 0.00073722 0.00069606 3.616e-05 -0.00032739 -0.00022346 -6.06e-06 5.209e-05 
-0.0319158 0.00940779 -0.01627774 -0.00651506 0.00313415 -0.00285684 -0.00542768 -3.012e-05 0.00202284 -0.00073181 -0.00188926 -0.00043555 0.00070665 0.00046393 -0.00020517 -0.00042095 -0.00018706 6.468e-05 0.00010266 2.713e-05 
0.0319466 0.00448243 0.0077159 0.01233909 0.00408674 0.00012694 0.00360395 0.00401426 0.00063055 -0.00064538 0.0005433 0.0012175 0.00061743 -0.00012906 -0.00026879 2.25e-06 0.00020169 0.00016196 3.772e-05 -8.11e-06 
-0.02149739 -0.01408854 -0.00548811 -0.00901363 -0.00912087 -0.00351961 -0.0016138 -0.00333453 -0.00316518 -0.00116605 -0.00014853 -0.00047157 -0.000847 -0.00064319 -0.0001906 4.818e-05 9.21e-06 -9.212e-05 -9.926e-05 -5.534e-05 
0.00674127 0.01223231 0.00657737 0.00421741 0.0068948 0.00625916 0.00293125 0.0018915 0.00263821 0.00249307 0.00136971 0.00055772 0.00047225 0.00062653 0.00057312 0.00032473 0.00011446 5.616e-05 6.501e-05 8.209e-05 
0.00293114 -0.0028873 -0.00486172 -0.00203494 -0.00204523 -0.00406161 -0.0037694 -0.00207321 -0.00147478 -0.00181075 -0.00181669 -0.00125578 -0.00068584 -0.00046734 -0.00047967 -0.00046322 -0.0003345 -0.00019742 -0.00010021 -0.00011444 
-0.00379406 -0.00371552 0.00013191 0.00086738 -0.00038376 0.00024451 0.00170958 0.00185631 0.00114735 0.00083698 0.00102897 0.00114968 0.00094396 0.00061544 0.00041298 0.00036577 0.00034136 0.00029487 0.00017159 0.00018015 
0.00023314 0.00296628 0.00259781 0.00061836 0.00051493 0.00115724 0.00068185 -0.00028628 -0.00062473 -0.00042031 -0.0002891 -0.00042094 -0.00058265 -0.00057553 -0.00043545 -0.00031564 -0.00024746 -0.00026241 -0.00016463 -0.00022739 
0.00167423 0.00071161 -0.00120893 -0.00111309 -0.00030917 -0.00048461 -0.0009693 -0.00082192 -0.00029091 1.797e-05 1.119e-05 -3.554e-05 4.637e-05 0.00019002 0.00025625 0.00024921 0.00016834 0.0001975 8.782e-05 0.00021473 
-0.00065176 -0.0017388 -0.00100555 0.00010907 0.0001418 -0.00015342 5.728e-05 0.00046476 0.0005501 0.00034187 0.00015385 0.00012026 0.00014654 0.00010711 2.969e-05 -7.494e-05 -5.075e-05 -0.00013441 -5.2e-06 -0.00015293 
-0.00064035 0.00014243 0.00097383 0.0007001 0.00018611 0.00018351 0.00034641 0.00023302 -5.393e-05 -0.00021737 -0.00019146 -0.000112 -9.917e-05 -0.00011261 -0.00014044 -5.601e-05 -8.249e-05 5.771e-05 -5.554e-05 7.077e-05 
0.00049475 0.00085993 0.00030207 -0.00027465 -0.00026012 -7.359e-05 -0.00012073 -0.00027156 -0.00027449 -0.00012958 7.19e-06 4.08e-05 3.577e-05 1.252e-05 7.898e-05 3.34e-05 0.00012359 -4.76e-06 7.705e-05 1.27e-06 
0.00020445 -0.00026635 -0.00060038 -0.00036662 -4.996e-05 -8.45e-06 -7.707e-05 -3.034e-05 0.00010004 0.00017133 0.00013122 7.02e-05 1.269e-05 4.571e-05 -1.578e-05 4.683e-05 -6.86e-05 5.27e-06 -4.72e-05 -3.446e-05 
-0.00028725 -0.0003895 -4.949e-05 0.00024017 0.00021075 8.155e-05 6.645e-05 0.00011717 0.00010963 2.37e-05 -4.338e-05 -8.021e-05 -2.849e-05 -6.235e-05 9.47e-06 -7.152e-05 8.38e-06 -2.186e-05 -4.75e-06 2.443e-05 
-5.288e-05 0.00019945 0.00033104 0.00017454 -1.358e-05 -4.968e-05 -1.099e-05 -1.657e-05 -7.247e-05 -9.04e-05 -7.806e-05 -1.06e-06 -1.702e-05 4.783e-05 -2.293e-05 4.118e-05 9.67e-06 1.409e-05 2.968e-05 1.22e-06 
0.00015031 0.00017209 -1.761e-05 -0.00016344 -0.0001365 -5.024e-05 -2.023e-05 -4.016e-05 -2.844e-05 -3.14e-06 5.958e-05 2.668e-05 6.171e-05 -1.466e-05 2.952e-05 -3.41e-06 -4.95e-06 6.93e-06 -1.612e-05 -1.281e-05 
9.27e-06 -0.0001206 -0.00017449 -8.016e-05 2.813e-05 5.374e-05 2.47e-05 2.308e-05 2.791e-05 5.925e-05 7.62e-06 2.462e-05 -4.256e-05 1e-08 -2.036e-05 -1.577e-05 7.2e-07 -1.348e-05 -6.37e-06 6.32e-06 
-7.61e-05 -7.795e-05 2.439e-05 9.9e-05 8.152e-05 2.338e-05 4.41e-06 -1.91e-06 1.815e-05 -2.838e-05 -6.21e-06 -5.013e-05 -8.4e-07 -9.08e-06 -2.11e-06 1.283e-05 -2.6e-07 3.79e-06 1.188e-05 3.24e-06 
3.8e-07 6.714e-05 9.084e-05 3.848e-05 -2.618e-05 -3.597e-05 -2.912e-05 -6.2e-07 -3.082e-05 -1.9e-07 -2.78e-05 1.836e-05 9.74e-06 9.42e-06 1.633e-05 4.7e-07 7.1e-07 5.65e-06 -2.75e-06 -4.85e-06 
3.877e-05 3.701e-05 -1.639e-05 -5.875e-05 -4.269e-05 -1.81e-05 1.517e-05 -8.89e-06 1.786e-05 -7.64e-06 2.594e-05 1.105e-05 3.32e-06 5.68e-06 -8.29e-06 -6.65e-06 -2.7e-07 -5.34e-06 -5.05e-06 5.7e-07 
-1.74e-06 -3.53e-05 -4.966e-05 -1.591e-05 1.123e-05 3.422e-05 3.81e-06 1.951e-05 -7.69e-06 1.583e-05 -2.6e-07 -8.02e-06 -3.38e-06 -1.115e-05 -5.92e-06 2.1e-06 -1.11e-06 -5.4e-07 3.91e-06 2.35e-06 
-1.906e-05 -2.024e-05 1.263e-05 2.741e-05 3.328e-05 -3.81e-06 5.89e-06 -1.694e-05 4.5e-06 -6.72e-06 -1.023e-05 -1.95e-06 -5.21e-06 5.5e-07 6.85e-06 2.44e-06 1.23e-06 3.58e-06 1.11e-06 -1.3e-06 
-9.7e-07 2.094e-05 2.154e-05 1.632e-05 -1.86e-05 -5.98e-06 -1.923e-05 3.5e-06 -3.05e-06 -4.39e-06 3.96e-06 9.2e-07 3.99e-06 6.88e-06 9.3e-07 -1.24e-06 5.4e-07 -1.3e-06 -2.7e-06 -8e-07 
1.35e-05 7.4e-06 8.9e-07 -2.476e-05 -5.97e-06 -1.129e-05 9.76e-06 3.44e-06 4.3e-07 5.98e-06 1.47e-06 2.01e-06 3.02e-06 -2.46e-06 -3.6e-06 -8.9e-07 -1.39e-06 -1.74e-06 3.7e-07 1.01e-06 
-5.02e-06 -6.27e-06 -2.143e-05 9.3e-07 -1.76e-06 1.369e-05 4.79e-06 -6.5e-07 2.86e-06 -1.57e-06 -1.31e-06 4e-08 -3.53e-06 -3.07e-06 3.6e-07 3.7e-07 2e-08 1.45e-06 1.45e-06 1.3e-07 
1.25e-06 -9.5e-06 1.012e-05 4.79e-06 1.295e-05 1.79e-06 -4.18e-06 -4.5e-07 -3.08e-06 -1.86e-06 2.9e-07 -1.87e-06 -8.7e-07 2.08e-06 1.52e-06 4.9e-07 1.09e-06 6.3e-07 -6.5e-07 -6.1e-07 
-8.48e-06 7.86e-06 8.7e-07 5.24e-06 -4.5e-06 -7.84e-06 -2e-06 -2.37e-06 -5e-07 1.62e-06 -2.7e-07 2.8e-07 2.19e-06 9.7e-07 -4e-07 -3e-08 -3e-07 -1.08e-06 -6.7e-07 8e-08 
1.178e-05 2.51e-06 4.13e-06 -3.72e-06 -4.9e-06 1.58e-06 1.42e-06 2.14e-06 2.91e-06 4.2e-07 2.5e-07 1.38e-06 1e-08 -1.12e-06 -4.8e-07 -3.3e-07 -6.6e-07 -1e-07 5.5e-07 3.3e-07 
-7.44e-06 -3.87e-06 -7.33e-06 -5.57e-06 1.4e-06 1.09e-06 8.2e-07 8.7e-07 -1.37e-06 -1.3e-06 -1e-08 -8.2e-07 -1.32e-06 -3.2e-07 8e-08 -1.3e-07 2.9e-07 6.4e-07 2.4e-07 -1.3e-07 
3.51e-06 7.2e-07 1.67e-06 6.17e-06 3.82e-06 1.81e-06 1.05e-06 -9.2e-07 -6.2e-07 6.9e-07 8e-08 -2.9e-07 5.6e-07 7.2e-07 2.8e-07 3.7e-07 4.5e-07 -2e-08 -3.3e-07 -1.3e-07 
-2.28e-06 -1.5e-06 1.88e-06 -6.7e-07 -2.32e-06 -2.11e-06 -2.65e-06 -1.47e-06 1.4e-07 -2.1e-07 -4.7e-07 2.3e-07 2.6e-07 -2.1e-07 -1.6e-07 -6e-08 -3.5e-07 -4.4e-07 -1.2e-07 5e-08 
4.9e-07 2.85e-06 2.7e-07 -9.9e-07 -2.3e-07 -2.2e-07 8.1e-07 1.81e-06 9.9e-07 3.4e-07 6.4e-07 4.5e-07 -7e-08 -4e-08 9e-08 -1e-07 -1.1e-07 1.7e-07 2.5e-07 1.3e-07 
1.6e-06 -7.4e-07 -1.54e-06 -4.1e-07 -2e-07 4.7e-07 9.1e-07 -1e-07 -7.1e-07 -3.3e-07 -3.3e-07 -5.9e-07 -3.6e-07 -1e-07 -1.6e-07 -1.3e-07 1.1e-07 1.3e-07 -2e-08 -1.2e-07 
-1.58e-06 -1.59e-06 -9e-08 2e-07 5.5e-07 6.6e-07 -2.7e-07 -6.4e-07 -1e-07 5e-08 -8e-08 1.3e-07 3.1e-07 1.8e-07 1.2e-07 2.3e-07 1.6e-07 -1e-08 -9e-08 3e-08 
8e-08 1.17e-06 9.7e-07 7.5e-07 5.2e-07 -3.3e-07 -5.1e-07 8e-08 2.2e-07 4e-08 1.3e-07 1.9e-07 1e-08 -8e-08 -0.0 -6e-08 -1.6e-07 -1.6e-07 -1e-08 -2e-08 
6.8e-07 2.1e-07 -1.6e-07 -3e-07 -7.8e-07 -6.3e-07 5e-08 1.8e-07 -3e-08 1e-08 5e-08 -1e-07 -1.4e-07 -2e-08 -3e-08 -7e-08 -4e-08 9e-08 6e-08 5e-08 
-3.5e-07 -4.8e-07 -3.3e-07 -4.5e-07 -1.5e-07 4.2e-07 4e-07 9e-08 5e-08 6e-08 -6e-08 -6e-08 5e-08 5e-08 0.0 1e-08 1e-07 4e-08 1e-08 -4e-08 
-5e-08 1.4e-07 4e-08 2.1e-07 5.2e-07 3e-07 -8e-08 -1.2e-07 -7e-08 -1.2e-07 -8e-08 3e-08 2e-08 -2e-08 -2e-08 5e-08 -1e-08 -4e-08 -5e-08 -1e-08 
1.3e-07 0.0 6e-08 2.2e-07 -2e-08 -3.1e-07 -2.3e-07 -8e-08 -6e-08 -1e-08 8e-08 5e-08 -0.0 -1e-08 4e-08 -1e-08 -2e-08 -2e-08 2e-08 2e-08 
-1e-07 -5e-08 9e-08 -9e-08 -2.5e-07 -9e-08 8e-08 8e-08 8e-08 1.1e-07 5e-08 -2e-08 -2e-08 2e-08 -2e-08 -2e-08 -2e-08 2e-08 2e-08 -1e-08 
3e-08 1.3e-07 -2e-08 -1.2e-07 3e-08 1.5e-07 9e-08 4e-08 3e-08 -3e-08 -7e-08 -5e-08 0.0 -2e-08 -1e-08 -0.0 2e-08 1e-08 -1e-08 -0.0 
7e-08 -5e-08 -1.2e-07 2e-08 1e-07 2e-08 -4e-08 -4e-08 -6e-08 -6e-08 -2e-08 3e-08 1e-08 1e-08 1e-08 3e-08 1e-08 -1e-08 -0.0 0.0 
-8e-08 -1e-07 3e-08 8e-08 -0.0 -5e-08 -2e-08 -2e-08 -1e-08 2e-08 6e-08 2e-08 1e-08 0.0 1e-08 -1e-08 -2e-08 -1e-08 0.0 0.0 
-1e-08 8e-08 9e-08 -0.0 -4e-08 -1e-08 0.0 1e-08 2e-08 4e-08 -1e-08 -2e-08 -2e-08 -0.0 -1e-08 -2e-08 -0.0 1e-08 0.0 0.0 
6e-08 4e-08 -4e-08 -6e-08 -1e-08 0.0 1e-08 1e-08 1e-08 -2e-08 -2e-08 -1e-08 0.0 0.0 -0.0 1e-08 1e-08 0.0 0.0 -0.0 
-1e-08 -6e-08 -5e-08 0.0 2e-08 1e-08 1e-08 1e-08 -2e-08 -1e-08 0.0 1e-08 1e-08 0.0 1e-08 1e-08 -0.0 -0.0 -0.0 -0.0 
-3e-08 -1e-08 4e-08 3e-08 2e-08 0.0 0.0 -2e-08 -1e-08 1e-08 1e-08 0.0 -0.0 0.0 -0.0 -1e-08 -1e-08 -0.0 0.0 0.0 
1e-08 4e-08 2e-08 -0.0 -1e-08 -1e-08 -2e-08 -0.0 1e-08 1e-08 -0.0 -1e-08 -0.0 -0.0 -0.0 -0.0 0.0 0.0 0.0 0.0 
2e-08 -0.0 -2e-08 -2e-08 -1e-08 -1e-08 0.0 1e-08 1e-08 -0.0 -1e-08 0.0 0.0 -0.0 0.0 0.0 0.0 0.0 -0.0 -0.0 
-1e-08 -2e-08 -1e-08 1e-08 0.0 1e-08 1e-08 0.0 -0.0 -1e-08 0.0 0.0 -0.0 0.0 0.0 0.0 -0.0 -0.0 -0.0 0.0 
-0.0 0.0 1e-08 1e-08 1e-08 0.0 -0.0 -1e-08 -1e-08 0.0 0.0 -0.0 0.0 0.0 0.0 -0.0 -0.0 -0.0 0.0 0.0 
0.0 1e-08 -0.0 -0.0 -0.0 -1e-08 -1e-08 -0.0 0.0 0.0 0.0 0.0 0.0 0.0 -0.0 -0.0 0.0 0.0 0.0 -0.0 