1.0 1.0 1.0 1.0 1.0 1.0 1.0 1.0 1.0 1.0 
0.025 0.04 0.047125 0.050275 0.05163063 0.05220775 0.05245235 0.05255583 0.12759957 -0.42738194 
0.00796562 0.00928375 0.00770303 0.00585083 0.00450818 0.00369195 -0.00238559 0.08062722 -0.2716737 0.04463971 
0.00100971 0.00014696 -0.00066668 -0.00090843 -0.00035506 -0.00946928 0.06428972 -0.16738178 0.05736988 0.02465571 
-0.00036668 -0.00062536 -0.00053281 0.00067859 -0.00987865 0.04988402 -0.10620536 0.04879912 0.02335336 -0.00197577 
-0.00015192 -0.00014905 0.00133642 -0.00919475 0.03721805 -0.06930472 0.03625646 0.01671237 -0.00555396 -0.00359792 
-0.0001137 0.00149776 -0.00806923 0.02717219 -0.04600259 0.02551334 0.01107394 -0.00668785 -0.00422503 -0.00023447 
0.0015607 -0.00669191 0.01965592 -0.0308057 0.01752114 0.00721239 -0.00621945 -0.00344611 0.00037063 0.00059807 
-0.00626969 0.01368812 -0.02094237 0.01178258 0.00467355 -0.00515898 -0.00243164 0.00082852 0.00085301 0.00015063 
0.0129184 -0.01254214 0.00869605 0.00345805 -0.00382716 -0.00149728 0.00103762 0.00082112 7.872e-05 -8.967e-05 
-0.01463668 0.00244733 0.00058 -0.00374858 -0.00135526 0.00077762 0.00053617 -9.322e-05 -0.00018931 -6.176e-05 
0.00874324 0.00465142 -0.00030239 0.00047252 0.00141018 0.00075055 3.475e-05 -9.778e-05 -3.68e-06 3.601e-05 
-0.00155809 -0.00347744 -0.00164066 -0.00017003 -0.00023633 -0.00047614 -0.00034373 -0.00012654 -2.67e-05 -2.453e-05 
-0.00118437 5.645e-05 0.00085874 0.00048993 8.782e-05 5.727e-05 0.00012572 0.00012022 6.134e-05 4.005e-05 
0.00056165 0.00078726 0.00028824 -8.267e-05 -9.02e-05 -1.014e-05 5.36e-06 -2.234e-05 -2.044e-05 -3.062e-05 
0.00016991 -0.00011254 -0.00026723 -0.00016392 -3.969e-05 -1.56e-06 -1.251e-05 -6.19e-06 -1.092e-05 9.22e-06 
-0.00013244 -0.00017123 -5.457e-05 3.836e-05 4.696e-05 1.904e-05 1.126e-05 1.18e-06 1.085e-05 1.82e-06 
-3.243e-05 3.054e-05 6.754e-05 4.58e-05 9.51e-06 -5.8e-07 -6.8e-06 1.75e-06 -2.78e-06 -2.71e-06 
2.947e-05 3.95e-05 1.449e-05 -1.142e-05 -1.253e-05 -1.058e-05 -7.5e-07 -2e-06 -1.38e-06 6.8e-07 
7.88e-06 -5.48e-06 -1.703e-05 -1.082e-05 -5.24e-06 2.66e-06 1.27e-06 6.8e-07 1.41e-06 4.6e-07 
-5.95e-06 -1.024e-05 -3.28e-06 8.6e-07 4.89e-06 2.25e-06 6.5e-07 6.9e-07 -6e-08 -3.2e-07 
-2.92e-06 1.33e-06 2.81e-06 3.92e-06 1e-06 -4.8e-07 -2.7e-07 -4.9e-07 -4.3e-07 -6e-08 
2.05e-06 1.96e-06 1.89e-06 -3.4e-07 -1.11e-06 -5.3e-07 -3.6e-07 -1.9e-07 9e-08 1e-07 
1e-08 1.9e-07 -9.5e-07 -1.04e-06 -2.9e-07 -3e-08 6e-08 1.8e-07 1.2e-07 1e-08 
1.8e-07 -4.8e-07 -4.3e-07 1.3e-07 2.3e-07 1.7e-07 1.5e-07 6e-08 -3e-08 -3e-08 
-3.4e-07 -2.3e-07 1.6e-07 1.7e-07 7e-08 3e-08 -3e-08 -6e-08 -4e-08 -0.0 
2e-08 2.1e-07 1.5e-07 2e-08 -1e-08 -3e-08 -4e-08 -1e-08 1e-08 1e-08 
1.1e-07 4e-08 -4e-08 -4e-08 -3e-08 -2e-08 0.0 1e-08 1e-08 -0.0 
-2e-08 -6e-08 -4e-08 -1e-08 -0.0 1e-08 1e-08 1e-08 -0.0 -0.0 
-2e-08 -0.0 1e-08 1e-08 1e-08 1e-08 0.0 -0.0 -0.0 -0.0 
1e-08 1e-08 1e-08 0.0 0.0 -0.0 -0.0 -0.0 0.0 0.0 
0.0 -0.0 -0.0 -0.0 -0.0 -0.0 -0.0 0.0 0.0 0.0 