1.0 1.0 1.0 1.0 1.0 1.0 1.0 1.0 1.0 1.0 1.0 1.0 1.0 1.0 1.0 1.0 1.0 1.0 1.0 1.0 
0.35 0.49 0.5285 0.5369 0.538335 0.538489 0.53847885 0.53846709 0.53846289 0.5384618 0.53846158 0.53846154 0.53846154 0.53846154 0.53846154 0.53846154 0.53846154 0.53846154 0.58846154 0.20846154 
0.169575 0.252385 0.2803185 0.2879177 0.28962281 0.28992143 0.28995112 0.28994644 0.28994266 0.2899413 0.28994092 0.28994084 0.28994083 0.28994083 0.28994083 0.28994083 0.28744083 0.32544083 0.19918891 0.06340352 
0.08693808 0.13250675 0.14934173 0.15446441 0.15578969 0.15607578 0.15612227 0.15612512 0.15612341 0.15612243 0.1561221 0.15612201 0.15612199 0.15612198 0.15624698 0.15339698 0.17376333 0.13834087 0.07200959 0.02188679 
0.04553561 0.07022772 0.07981059 0.08292494 0.08380364 0.08401786 0.08406084 0.08406668 0.0840665 0.08406601 0.08406578 0.08406571 0.08405944 0.08424943 0.08216743 0.09124279 0.08412461 0.0567972 0.02726737 0.00806709 
0.02410056 0.03741821 0.04274205 0.04454647 0.04508559 0.04522791 0.04526024 0.045266 0.0452665 0.04526633 0.04526652 0.04525459 0.04542991 0.04421407 0.04770502 0.04768129 0.03804278 0.02333664 0.01065935 0.00309691 
0.01283018 0.02000157 0.02292343 0.02394213 0.02425884 0.02434722 0.02436902 0.02437353 0.02437417 0.02437487 0.02436158 0.02448715 0.02387716 0.02502445 0.0259863 0.02319358 0.0167798 0.00966114 0.00426423 0.00122263 
0.00685446 0.01071405 0.01230681 0.01287319 0.01305437 0.01310702 0.01312079 0.01312389 0.01312538 0.01311423 0.01319043 0.0129201 0.01321898 0.01387643 0.01332806 0.01086627 0.00733135 0.00403379 0.001736 0.00049271 
0.00367028 0.00574717 0.00661191 0.00692381 0.0070257 0.00705621 0.00706449 0.00706743 0.00705992 0.00710076 0.0069944 0.00703649 0.00734905 0.00737571 0.00656277 0.00498717 0.00319344 0.00169778 0.00071653 0.00020172 
0.00196827 0.00308589 0.00355418 0.00372484 0.00378149 0.00379878 0.00380441 0.00380075 0.00382067 0.00378416 0.00376978 0.00388954 0.00398947 0.00377706 0.00314655 0.00226225 0.00139086 0.00071976 0.00029905 8.363e-05 
0.00105665 0.00165809 0.00191127 0.00200426 0.00203543 0.00204569 0.00204577 0.00205508 0.00204492 0.00202865 0.00206555 0.00213172 0.00210291 0.00188008 0.00148225 0.00101925 0.00060654 0.00030709 0.00012596 3.503e-05 
0.00056767 0.00089136 0.00102809 0.00107856 0.001096 0.00110003 0.001105 0.00110353 0.00109435 0.0011022 0.00113371 0.00114553 0.00107945 0.00091644 0.00068998 0.00045743 0.00026501 0.00013177 5.347e-05 1.48e-05 
0.00030514 0.00047937 0.00055311 0.00058068 0.00058938 0.00059354 0.00059464 0.00059081 0.00059078 0.00060298 0.00061589 0.00060217 0.00054215 0.00043987 0.00031856 0.00020485 0.00011604 5.682e-05 2.285e-05 6.3e-06 
0.00016409 0.00025785 0.00029774 0.00031228 0.00031771 0.00031979 0.00031881 0.0003177 0.00032154 0.00032898 0.00032927 0.00031013 0.00026761 0.00020872 0.00014624 9.164e-05 5.093e-05 2.461e-05 9.82e-06 2.7e-06 
8.825e-05 0.00013878 0.00016012 0.0001682 0.00017125 0.00017173 0.00017113 0.00017203 0.00017538 0.00017776 0.000173 0.00015692 0.00013029 9.819e-05 6.687e-05 4.098e-05 2.24e-05 1.07e-05 4.24e-06 1.16e-06 
4.751e-05 7.464e-05 8.62e-05 9.066e-05 9.209e-05 9.215e-05 9.23e-05 9.358e-05 9.527e-05 9.478e-05 8.94e-05 7.823e-05 6.275e-05 4.589e-05 3.049e-05 1.833e-05 9.88e-06 4.67e-06 1.84e-06 5e-07 
2.555e-05 4.017e-05 4.645e-05 4.88e-05 4.944e-05 4.958e-05 5.003e-05 5.09e-05 5.13e-05 4.983e-05 4.552e-05 3.852e-05 2.996e-05 2.134e-05 1.387e-05 8.2e-06 4.36e-06 2.05e-06 8e-07 2.2e-07 
1.374e-05 2.164e-05 2.502e-05 2.622e-05 2.657e-05 2.678e-05 2.718e-05 2.756e-05 2.732e-05 2.583e-05 2.288e-05 1.878e-05 1.421e-05 9.88e-06 6.31e-06 3.67e-06 1.93e-06 9e-07 3.5e-07 1e-07 
7.4e-06 1.166e-05 1.345e-05 1.409e-05 1.432e-05 1.452e-05 1.475e-05 1.481e-05 1.438e-05 1.322e-05 1.137e-05 9.08e-06 6.7e-06 4.56e-06 2.86e-06 1.64e-06 8.6e-07 4e-07 1.5e-07 4e-08 
3.99e-06 6.27e-06 7.23e-06 7.58e-06 7.74e-06 7.88e-06 7.97e-06 7.88e-06 7.47e-06 6.69e-06 5.6e-06 4.36e-06 3.15e-06 2.1e-06 1.3e-06 7.4e-07 3.8e-07 1.7e-07 7e-08 2e-08 
2.15e-06 3.37e-06 3.89e-06 4.09e-06 4.19e-06 4.27e-06 4.28e-06 4.15e-06 3.84e-06 3.35e-06 2.73e-06 2.08e-06 1.47e-06 9.7e-07 5.9e-07 3.3e-07 1.7e-07 8e-08 3e-08 1e-08 
1.15e-06 1.81e-06 2.09e-06 2.21e-06 2.27e-06 2.3e-06 2.28e-06 2.17e-06 1.96e-06 1.66e-06 1.33e-06 9.9e-07 6.9e-07 4.4e-07 2.7e-07 1.5e-07 8e-08 3e-08 1e-08 0.0 
6.2e-07 9.7e-07 1.13e-06 1.2e-06 1.23e-06 1.23e-06 1.2e-06 1.12e-06 9.9e-07 8.2e-07 6.4e-07 4.7e-07 3.2e-07 2e-07 1.2e-07 7e-08 3e-08 2e-08 1e-08 0.0 
3.3e-07 5.3e-07 6.1e-07 6.5e-07 6.6e-07 6.6e-07 6.3e-07 5.7e-07 4.9e-07 4e-07 3.1e-07 2.2e-07 1.5e-07 9e-08 5e-08 3e-08 2e-08 1e-08 0.0 0.0 
1.8e-07 2.8e-07 3.3e-07 3.5e-07 3.5e-07 3.5e-07 3.2e-07 2.9e-07 2.4e-07 2e-07 1.5e-07 1e-07 7e-08 4e-08 2e-08 1e-08 1e-08 0.0 0.0 0.0 
1e-07 1.5e-07 1.8e-07 1.9e-07 1.9e-07 1.8e-07 1.7e-07 1.5e-07 1.2e-07 9e-08 7e-08 5e-08 3e-08 2e-08 1e-08 1e-08 0.0 0.0 0.0 0.0 
5e-08 8e-08 1e-07 1e-07 1e-07 9e-08 9e-08 7e-08 6e-08 5e-08 3e-08 2e-08 1e-08 1e-08 1e-08 0.0 0.0 0.0 0.0 0.0 
3e-08 4e-08 5e-08 5e-08 5e-08 5e-08 4e-08 4e-08 3e-08 2e-08 2e-08 1e-08 1e-08 0.0 0.0 0.0 0.0 0.0 0.0 0.0 
2e-08 2e-08 3e-08 3e-08 3e-08 2e-08 2e-08 2e-08 1e-08 1e-08 1e-08 0.0 0.0 0.0 0.0 0.0 0.0 0.0 0.0 0.0 
1e-08 1e-08 1e-08 1e-08 1e-08 1e-08 1e-08 1e-08 1e-08 0.0 0.0 0.0 0.0 0.0 0.0 0.0 0.0 0.0 0.0 0.0 
0.0 1e-08 1e-08 1e-08 1e-08 1e-08 1e-08 0.0 0.0 0.0 0.0 0.0 0.0 0.0 0.0 0.0 0.0 0.0 0.0 0.0 