1.0 1.0 1.0 1.0 1.0 1.0 1.0 1.0 1.0 1.0 1.0 1.0 1.0 1.0 1.0 1.0 1.0 1.0 1.0 1.0 1.0 1.0 1.0 1.0 1.0 1.0 1.0 1.0 1.0 1.0 1.0 1.0 1.0 1.0 1.0 1.0 1.0 1.0 1.0 1.0 
0.025 0.04 0.047125 0.050275 0.05163063 0.05220775 0.05245235 0.05255583 0.05259957 0.05261806 0.05262587 0.05262917 0.05263056 0.05263115 0.0526314 0.0526315 0.05263155 0.05263157 0.05263157 0.05263158 0.05263158 0.05263158 0.05263158 0.05263158 0.05263158 0.05263158 0.05263158 0.05263158 0.05263158 0.05263158 0.05263158 0.05263158 0.05263158 0.05263158 0.05263158 0.05263158 0.05263158 0.05263158 0.12763158 -0.42736842 
0.00796562 0.00928375 0.00770303 0.00585083 0.00450818 0.00369195 0.00323941 0.00300222 0.00288249 0.00282363 0.00279527 0.0027818 0.00277549 0.00277256 0.00277121 0.00277059 0.00277031 0.00277019 0.00277013 0.0027701 0.00277009 0.00277009 0.00277008 0.00277008 0.00277008 0.00277008 0.00277008 0.00277008 0.00277008 0.00277008 0.00277008 0.00277008 0.00277008 0.00277008 0.00277008 0.00277008 -0.00285492 0.08039508 -0.27178567 0.04458318 
0.00100971 0.00014696 -0.00066668 -0.00090843 -0.00077694 -0.00052553 -0.0002916 -0.00011894 -6.2e-06 6.191e-05 0.0001009 0.00012235 0.00013379 0.00013975 0.00014279 0.00014432 0.00014508 0.00014545 0.00014563 0.00014572 0.00014576 0.00014578 0.00014579 0.00014579 0.00014579 0.00014579 0.00014579 0.00014579 0.00014579 0.00014579 0.00014579 0.00014579 0.00014579 0.00014579 0.00056767 -0.00879796 0.06472708 -0.16711659 0.05751826 0.02475311 
-0.00036668 -0.00062536 -0.00050117 -0.00022633 -3.19e-06 0.00011179 0.00014221 0.00012805 9.884e-05 7.011e-05 4.758e-05 3.191e-05 2.182e-05 1.568e-05 1.208e-05 1.005e-05 8.93e-06 8.33e-06 8.01e-06 7.84e-06 7.76e-06 7.72e-06 7.69e-06 7.68e-06 7.68e-06 7.68e-06 7.67e-06 7.67e-06 7.67e-06 7.67e-06 7.67e-06 7.67e-06 -2.397e-05 0.0009126 -0.00986778 0.04977986 -0.10633937 0.04867566 0.02327358 -0.00206308 
-0.00015429 -6.362e-05 8.843e-05 0.0001607 0.00014778 9.645e-05 4.51e-05 9.85e-06 -8.4e-06 -1.468e-05 -1.446e-05 -1.161e-05 -8.29e-06 -5.45e-06 -3.33e-06 -1.88e-06 -9.5e-07 -3.7e-07 -3e-08 1.6e-07 2.7e-07 3.3e-07 3.7e-07 3.8e-07 3.9e-07 4e-07 4e-07 4e-07 4e-07 4e-07 2.78e-06 -8.503e-05 0.0012484 -0.00935504 0.0370706 -0.06940023 0.03620912 0.01671154 -0.0055634 -0.00355986 
3.234e-05 9.222e-05 9.403e-05 5.059e-05 3.9e-06 -2.336e-05 -3.032e-05 -2.53e-05 -1.643e-05 -8.43e-06 -2.94e-06 1.1e-07 1.41e-06 1.71e-06 1.53e-06 1.19e-06 8.5e-07 5.7e-07 3.8e-07 2.4e-07 1.5e-07 1e-07 6e-08 5e-08 3e-08 3e-08 3e-08 2e-08 -1.6e-07 7.75e-06 -0.00014137 0.00140778 -0.00816225 0.02712197 -0.04600578 0.02553461 0.01111082 -0.00667543 -0.00419279 -0.00023508 
3.211e-05 2.578e-05 -3.89e-06 -2.547e-05 -2.868e-05 -1.991e-05 -8.58e-06 -2.3e-07 3.88e-06 4.79e-06 4.01e-06 2.71e-06 1.53e-06 6.9e-07 1.8e-07 -7e-08 -1.6e-07 -1.7e-07 -1.5e-07 -1.1e-07 -8e-08 -5e-08 -3e-08 -2e-08 -1e-08 -1e-08 1e-08 -6.8e-07 1.492e-05 -0.00018528 0.00141524 -0.00677235 0.01963519 -0.03079051 0.0175434 0.00723517 -0.00622086 -0.00343548 0.00036062 0.00059157 
-3e-07 -1.349e-05 -1.926e-05 -1.352e-05 -3.63e-06 3.66e-06 6.33e-06 5.61e-06 3.52e-06 1.5e-06 1.4e-07 -5.2e-07 -6.9e-07 -6e-07 -4.3e-07 -2.6e-07 -1.4e-07 -6e-08 -1e-08 1e-08 2e-08 2e-08 1e-08 1e-08 1e-08 6e-08 -1.49e-06 2.229e-05 -0.00021129 0.00132126 -0.00543506 0.01411644 -0.02073016 0.01188183 0.00471983 -0.00515168 -0.0024229 0.00082238 0.00084978 0.0001524 
-6.5e-06 -7.7e-06 -2.34e-06 3.48e-06 5.8e-06 4.77e-06 2.36e-06 2.6e-07 -9e-07 -1.18e-06 -9.7e-07 -6e-07 -2.7e-07 -6e-08 5e-08 9e-08 9e-08 7e-08 4e-08 2e-08 1e-08 0.0 0.0 -1e-08 1.4e-07 -2.51e-06 2.845e-05 -0.00021975 0.00117205 -0.00426069 0.01009784 -0.0140092 0.00797733 0.00311445 -0.00399884 -0.00157246 0.00099758 0.00080373 7.397e-05 -9.21e-05 
-1.19e-06 1.47e-06 3.79e-06 3.55e-06 1.63e-06 -2.7e-07 -1.25e-06 -1.3e-06 -8.8e-07 -3.8e-07 -2e-08 1.6e-07 2e-07 1.6e-07 1e-07 5e-08 2e-08 -0.0 -1e-08 -1e-08 -1e-08 -1e-08 -2e-08 2.7e-07 -3.55e-06 3.266e-05 -0.00021412 0.00100174 -0.00328268 0.007195 -0.00948953 0.00532407 0.00208607 -0.00298625 -0.00096709 0.00096822 0.00063136 -4.437e-05 -0.00016622 -5.036e-05 
1.19e-06 1.99e-06 1.22e-06 -2e-07 -1.09e-06 -1.16e-06 -7e-07 -1.8e-07 1.6e-07 2.8e-07 2.4e-07 1.5e-07 6e-08 0.0 -2e-08 -3e-08 -3e-08 -2e-08 -1e-08 -0.0 0.0 -3e-08 4.2e-07 -4.46e-06 3.472e-05 -0.00019876 0.00083244 -0.00249573 0.00511019 -0.00643724 0.00353715 0.00141866 -0.00217635 -0.00057195 0.00083718 0.00044324 -0.00012668 -0.00018302 -4.741e-05 1.046e-05 
5.1e-07 5e-08 -6.5e-07 -8.7e-07 -5.6e-07 -1e-07 2.1e-07 3e-07 2.3e-07 1.1e-07 1e-08 -4e-08 -5e-08 -4e-08 -3e-08 -1e-08 -0.0 0.0 0.0 1e-08 -4e-08 5.7e-07 -5.14e-06 3.484e-05 -0.00017776 0.00067676 -0.00187754 0.00361949 -0.00437021 0.00234092 0.00097816 -0.00156091 -0.00032769 0.00067549 0.00028673 -0.00016253 -0.00016194 -2.269e-05 2.851e-05 1.358e-05 
-1.7e-07 -4.6e-07 -4.1e-07 -1.1e-07 1.7e-07 2.7e-07 2e-07 8e-08 -1e-08 -6e-08 -6e-08 -4e-08 -2e-08 -0.0 1e-08 1e-08 1e-08 0.0 1e-08 -7e-08 7.1e-07 -5.55e-06 3.342e-05 -0.00015436 0.00054062 -0.00140041 0.00255744 -0.00296795 0.00154372 0.00068233 -0.00110743 -0.00018246 0.00052122 0.0001729 -0.00016409 -0.00012562 2.15e-06 3.815e-05 1.662e-05 3.2e-07 
-1.6e-07 -1e-07 8e-08 1.9e-07 1.7e-07 7e-08 -2e-08 -6e-08 -6e-08 -4e-08 -1e-08 1e-08 1e-08 1e-08 1e-08 0.0 -0.0 1e-08 -9e-08 8.2e-07 -5.69e-06 3.093e-05 -0.00013089 0.00042573 -0.00103711 0.00180307 -0.00201564 0.00101441 0.00048042 -0.00077977 -9.874e-05 0.00039023 9.698e-05 -0.00014656 -8.87e-05 1.901e-05 3.863e-05 1.262e-05 -3.44e-06 -3.17e-06 
1e-08 9e-08 1.2e-07 6e-08 -1e-08 -5e-08 -5e-08 -3e-08 -0.0 1e-08 1e-08 1e-08 1e-08 0.0 -0.0 -0.0 1e-08 -1.2e-07 9e-07 -5.6e-06 2.779e-05 -0.00010883 0.00033128 -0.00076343 0.00126866 -0.00136854 0.00066416 0.00034067 -0.00054608 -5.183e-05 0.0002861 4.961e-05 -0.00012147 -5.796e-05 2.719e-05 3.338e-05 6.51e-06 -6.74e-06 -4.71e-06 -7.4e-07 
4e-08 4e-08 0.0 -3e-08 -4e-08 -3e-08 -0.0 1e-08 2e-08 1e-08 0.0 -0.0 -0.0 -0.0 -0.0 1e-08 -1.3e-07 9.3e-07 -5.32e-06 2.438e-05 -8.902e-05 0.0002552 -0.00055905 0.00089098 -0.00092875 0.00043314 0.00024282 -0.00038089 -2.626e-05 0.00020666 2.179e-05 -9.576e-05 -3.518e-05 2.887e-05 2.591e-05 1.1e-06 -8.23e-06 -4.42e-06 -1.2e-07 6.3e-07 
1e-08 -1e-08 -3e-08 -2e-08 -1e-08 1e-08 1e-08 1e-08 0.0 -0.0 -0.0 -0.0 -0.0 -0.0 2e-08 -1.5e-07 9.4e-07 -4.92e-06 2.094e-05 -7.18e-05 0.00019491 -0.00040753 0.00062464 -0.00062988 0.00028127 0.00017369 -0.00026485 -1.275e-05 0.00014771 6.51e-06 -7.289e-05 -1.961e-05 2.667e-05 1.85e-05 -2.58e-06 -8.09e-06 -3.19e-06 7.8e-07 1.15e-06 3.2e-07 
-1e-08 -1e-08 -1e-08 0.0 1e-08 1e-08 0.0 -0.0 -0.0 -0.0 -0.0 0.0 -0.0 2e-08 -1.5e-07 9.1e-07 -4.43e-06 1.768e-05 -5.723e-05 0.00014775 -0.00029588 0.00043718 -0.00042684 0.00018178 0.00012452 -0.00018372 -5.87e-06 0.00010477 -1.18e-06 -5.408e-05 -9.68e-06 2.266e-05 1.228e-05 -4.52e-06 -6.96e-06 -1.76e-06 1.44e-06 1.27e-06 2.7e-07 -9e-08 
-0.0 0.0 1e-08 1e-08 0.0 -0.0 -0.0 -0.0 -0.0 -0.0 0.0 -0.0 2e-08 -1.6e-07 8.6e-07 -3.91e-06 1.471e-05 -4.514e-05 0.00011126 -0.00021404 0.00030549 -0.00028898 0.00011685 8.939e-05 -0.00012719 -2.54e-06 7.39e-05 -4.5e-06 -3.938e-05 -3.76e-06 1.822e-05 7.59e-06 -5.14e-06 -5.44e-06 -5.7e-07 1.72e-06 1.1e-06 6e-08 -2.3e-07 -1e-07 
0.0 0.0 0.0 0.0 -0.0 -0.0 -0.0 -0.0 0.0 0.0 -0.0 3e-08 -1.6e-07 7.9e-07 -3.39e-06 1.207e-05 -3.529e-05 8.331e-05 -0.00015434 0.00021314 -0.00019544 7.465e-05 6.419e-05 -8.79e-05 -1.02e-06 5.192e-05 -5.47e-06 -2.827e-05 -4.8e-07 1.407e-05 4.31e-06 -4.94e-06 -3.94e-06 2.6e-07 1.68e-06 7.8e-07 -1.5e-07 -3.1e-07 -1.2e-07 0.0 
0.0 0.0 -0.0 -0.0 -0.0 -0.0 0.0 0.0 0.0 -0.0 3e-08 -1.5e-07 7.2e-07 -2.9e-06 9.79e-06 -2.736e-05 6.205e-05 -0.00011096 0.00014848 -0.00013202 4.735e-05 4.609e-05 -6.065e-05 -4.1e-07 3.638e-05 -5.26e-06 -2.008e-05 1.14e-06 1.055e-05 2.16e-06 -4.32e-06 -2.66e-06 7.2e-07 1.46e-06 4.6e-07 -2.9e-07 -3.1e-07 -8e-08 4e-08 3e-08 
-0.0 -0.0 -0.0 -0.0 0.0 0.0 0.0 0.0 -0.0 3e-08 -1.4e-07 6.4e-07 -2.44e-06 7.87e-06 -2.107e-05 4.6e-05 -7.955e-05 0.00010329 -8.907e-05 2.978e-05 3.308e-05 -4.179e-05 -2e-07 2.544e-05 -4.56e-06 -1.415e-05 1.78e-06 7.73e-06 8.5e-07 -3.54e-06 -1.68e-06 9.1e-07 1.15e-06 1.9e-07 -3.5e-07 -2.6e-07 -3e-08 6e-08 4e-08 1e-08 
-0.0 -0.0 0.0 0.0 0.0 0.0 0.0 -0.0 3e-08 -1.3e-07 5.5e-07 -2.03e-06 6.26e-06 -1.611e-05 3.396e-05 -5.689e-05 7.175e-05 -6e-05 1.854e-05 2.371e-05 -2.876e-05 -1.7e-07 1.776e-05 -3.73e-06 -9.91e-06 1.9e-06 5.56e-06 1.1e-07 -2.78e-06 -9.8e-07 9.2e-07 8.5e-07 0.0 -3.5e-07 -1.9e-07 2e-08 8e-08 3e-08 -0.0 -1e-08 
-0.0 0.0 0.0 0.0 -0.0 0.0 -0.0 2e-08 -1.2e-07 4.8e-07 -1.67e-06 4.94e-06 -1.226e-05 2.498e-05 -4.059e-05 4.977e-05 -4.036e-05 1.14e-05 1.698e-05 -1.977e-05 -1.9e-07 1.239e-05 -2.92e-06 -6.91e-06 1.75e-06 3.95e-06 -2.7e-07 -2.11e-06 -5.1e-07 8.3e-07 5.8e-07 -1.1e-07 -3e-07 -1.2e-07 6e-08 7e-08 2e-08 -1e-08 -1e-08 -0.0 
0.0 0.0 0.0 -0.0 0.0 -0.0 2e-08 -1e-07 4.1e-07 -1.36e-06 3.87e-06 -9.27e-06 1.831e-05 -2.89e-05 3.447e-05 -2.71e-05 6.9e-06 1.214e-05 -1.357e-05 -2.1e-07 8.64e-06 -2.23e-06 -4.8e-06 1.49e-06 2.77e-06 -4.3e-07 -1.55e-06 -2.2e-07 7e-07 3.8e-07 -1.6e-07 -2.4e-07 -6e-08 7e-08 6e-08 1e-08 -2e-08 -1e-08 -0.0 0.0 
0.0 0.0 -0.0 0.0 -0.0 2e-08 -9e-08 3.4e-07 -1.1e-06 3.01e-06 -6.98e-06 1.337e-05 -2.053e-05 2.384e-05 -1.817e-05 4.09e-06 8.67e-06 -9.3e-06 -2.2e-07 6.02e-06 -1.67e-06 -3.33e-06 1.22e-06 1.93e-06 -4.6e-07 -1.12e-06 -4e-08 5.6e-07 2.3e-07 -1.7e-07 -1.8e-07 -1e-08 7e-08 4e-08 -0.0 -2e-08 -1e-08 0.0 0.0 0.0 
0.0 -0.0 0.0 -0.0 2e-08 -8e-08 2.8e-07 -8.8e-07 2.33e-06 -5.23e-06 9.74e-06 -1.456e-05 1.647e-05 -1.216e-05 2.36e-06 6.18e-06 -6.37e-06 -2.2e-07 4.2e-06 -1.23e-06 -2.31e-06 9.6e-07 1.33e-06 -4.3e-07 -8e-07 5e-08 4.3e-07 1.2e-07 -1.6e-07 -1.3e-07 1e-08 6e-08 3e-08 -1e-08 -2e-08 -1e-08 0.0 0.0 0.0 -0.0 
-0.0 0.0 -0.0 2e-08 -7e-08 2.3e-07 -7e-07 1.79e-06 -3.91e-06 7.07e-06 -1.03e-05 1.136e-05 -8.12e-06 1.31e-06 4.4e-06 -4.35e-06 -2e-07 2.92e-06 -8.9e-07 -1.6e-06 7.4e-07 9.1e-07 -3.7e-07 -5.6e-07 9e-08 3.2e-07 6e-08 -1.4e-07 -8e-08 3e-08 5e-08 2e-08 -1e-08 -1e-08 -0.0 0.0 0.0 0.0 -0.0 -0.0 
0.0 -0.0 2e-08 -6e-08 1.9e-07 -5.5e-07 1.37e-06 -2.91e-06 5.12e-06 -7.28e-06 7.82e-06 -5.41e-06 6.8e-07 3.13e-06 -2.97e-06 -1.8e-07 2.04e-06 -6.4e-07 -1.1e-06 5.6e-07 6.2e-07 -3e-07 -3.9e-07 1e-07 2.3e-07 2e-08 -1.1e-07 -5e-08 3e-08 4e-08 1e-08 -1e-08 -1e-08 -0.0 0.0 0.0 0.0 -0.0 -0.0 -0.0 
-0.0 1e-08 -5e-08 1.5e-07 -4.3e-07 1.05e-06 -2.15e-06 3.7e-06 -5.13e-06 5.38e-06 -3.59e-06 3.2e-07 2.22e-06 -2.03e-06 -1.6e-07 1.42e-06 -4.6e-07 -7.6e-07 4.2e-07 4.3e-07 -2.4e-07 -2.6e-07 9e-08 1.6e-07 -1e-08 -9e-08 -3e-08 3e-08 3e-08 -0.0 -1e-08 -1e-08 0.0 0.0 0.0 -0.0 -0.0 -0.0 0.0 0.0 
1e-08 -4e-08 1.3e-07 -3.4e-07 7.9e-07 -1.59e-06 2.67e-06 -3.61e-06 3.7e-06 -2.38e-06 1.1e-07 1.57e-06 -1.38e-06 -1.3e-07 9.9e-07 -3.2e-07 -5.3e-07 3.1e-07 2.9e-07 -1.9e-07 -1.8e-07 8e-08 1.2e-07 -2e-08 -7e-08 -1e-08 3e-08 2e-08 -0.0 -1e-08 -0.0 0.0 0.0 0.0 -0.0 -0.0 -0.0 0.0 0.0 0.0 
-4e-08 1e-07 -2.6e-07 6e-07 -1.17e-06 1.92e-06 -2.54e-06 2.54e-06 -1.57e-06 1e-08 1.11e-06 -9.4e-07 -1.1e-07 6.9e-07 -2.3e-07 -3.7e-07 2.2e-07 2e-07 -1.4e-07 -1.2e-07 7e-08 8e-08 -2e-08 -5e-08 -1e-08 2e-08 1e-08 -1e-08 -1e-08 -0.0 0.0 0.0 0.0 -0.0 -0.0 -0.0 0.0 0.0 0.0 -0.0 
1e-07 -1.9e-07 4.6e-07 -8.6e-07 1.38e-06 -1.78e-06 1.74e-06 -1.04e-06 -4e-08 7.8e-07 -6.4e-07 -9e-08 4.8e-07 -1.6e-07 -2.5e-07 1.6e-07 1.3e-07 -1.1e-07 -8e-08 6e-08 5e-08 -2e-08 -3e-08 -0.0 2e-08 1e-08 -1e-08 -1e-08 -0.0 0.0 0.0 -0.0 -0.0 -0.0 0.0 0.0 0.0 -0.0 -0.0 -0.0 
-2e-07 3.2e-07 -6.4e-07 9.8e-07 -1.25e-06 1.19e-06 -6.8e-07 -6e-08 5.5e-07 -4.3e-07 -7e-08 3.3e-07 -1.1e-07 -1.8e-07 1.2e-07 9e-08 -8e-08 -5e-08 4e-08 4e-08 -2e-08 -2e-08 0.0 1e-08 0.0 -1e-08 -0.0 0.0 0.0 0.0 -0.0 -0.0 -0.0 0.0 0.0 0.0 -0.0 -0.0 -0.0 0.0 
3.4e-07 -4.1e-07 7.3e-07 -8.6e-07 8.2e-07 -4.4e-07 -7e-08 3.9e-07 -2.9e-07 -6e-08 2.3e-07 -8e-08 -1.2e-07 8e-08 6e-08 -6e-08 -4e-08 3e-08 2e-08 -2e-08 -2e-08 0.0 1e-08 0.0 -0.0 -0.0 0.0 0.0 0.0 -0.0 -0.0 -0.0 0.0 0.0 0.0 -0.0 -0.0 -0.0 0.0 0.0 
-4.7e-07 4.3e-07 -6.5e-07 5.3e-07 -3e-07 -7e-08 2.7e-07 -2e-07 -4e-08 1.6e-07 -5e-08 -9e-08 6e-08 4e-08 -4e-08 -2e-08 3e-08 2e-08 -1e-08 -1e-08 0.0 1e-08 0.0 -0.0 -0.0 0.0 0.0 0.0 -0.0 -0.0 0.0 0.0 0.0 -0.0 -0.0 -0.0 0.0 0.0 0.0 0.0 
5.4e-07 -3.2e-07 4.3e-07 -1.6e-07 -4e-08 2e-07 -1.3e-07 -3e-08 1.1e-07 -4e-08 -6e-08 4e-08 3e-08 -3e-08 -1e-08 2e-08 1e-08 -1e-08 -1e-08 0.0 1e-08 -0.0 -0.0 -0.0 0.0 0.0 -0.0 -0.0 -0.0 0.0 0.0 0.0 -0.0 -0.0 -0.0 0.0 0.0 0.0 -0.0 -0.0 
-4.9e-07 1.4e-07 -1.9e-07 -8e-08 1.1e-07 -1e-07 -3e-08 7e-08 -3e-08 -4e-08 3e-08 2e-08 -2e-08 -1e-08 1e-08 1e-08 -1e-08 -0.0 0.0 0.0 -0.0 -0.0 -0.0 0.0 0.0 -0.0 -0.0 -0.0 0.0 0.0 0.0 -0.0 -0.0 -0.0 0.0 0.0 0.0 -0.0 -0.0 -0.0 
3.4e-07 3e-08 3e-08 1.3e-07 -4e-08 -1e-08 6e-08 -1e-08 -3e-08 2e-08 1e-08 -2e-08 -1e-08 1e-08 0.0 -1e-08 -0.0 0.0 0.0 -0.0 -0.0 -0.0 0.0 0.0 -0.0 -0.0 -0.0 0.0 0.0 -0.0 -0.0 -0.0 0.0 0.0 0.0 -0.0 -0.0 -0.0 -0.0 0.0 
-1.6e-07 -1e-07 2e-08 -7e-08 -3e-08 3e-08 -2e-08 -2e-08 1e-08 1e-08 -1e-08 -0.0 1e-08 0.0 -0.0 -0.0 0.0 0.0 -0.0 -0.0 0.0 0.0 0.0 -0.0 -0.0 -0.0 0.0 0.0 -0.0 -0.0 -0.0 0.0 0.0 0.0 -0.0 -0.0 -0.0 0.0 0.0 0.0 
2e-08 8e-08 -0.0 0.0 4e-08 -0.0 -1e-08 1e-08 1e-08 -1e-08 -0.0 1e-08 0.0 -0.0 -0.0 0.0 0.0 -0.0 -0.0 0.0 0.0 0.0 -0.0 -0.0 0.0 0.0 0.0 -0.0 -0.0 -0.0 0.0 0.0 0.0 -0.0 -0.0 -0.0 0.0 0.0 0.0 -0.0 
4e-08 -2e-08 -1e-08 1e-08 -1e-08 -1e-08 1e-08 0.0 -1e-08 -0.0 0.0 0.0 -0.0 -0.0 0.0 0.0 -0.0 -0.0 0.0 0.0 0.0 -0.0 -0.0 0.0 0.0 0.0 -0.0 -0.0 -0.0 0.0 0.0 -0.0 -0.0 -0.0 -0.0 0.0 0.0 0.0 -0.0 -0.0 
-3e-08 -2e-08 1e-08 -1e-08 -1e-08 1e-08 0.0 -0.0 -0.0 0.0 0.0 -0.0 -0.0 0.0 0.0 -0.0 -0.0 0.0 0.0 0.0 -0.0 -0.0 0.0 0.0 0.0 -0.0 -0.0 0.0 0.0 0.0 -0.0 -0.0 -0.0 0.0 0.0 0.0 -0.0 -0.0 -0.0 -0.0 
0.0 2e-08 0.0 -0.0 1e-08 0.0 -0.0 -0.0 0.0 0.0 -0.0 -0.0 0.0 0.0 -0.0 -0.0 0.0 0.0 -0.0 -0.0 -0.0 0.0 0.0 -0.0 -0.0 -0.0 0.0 0.0 0.0 -0.0 -0.0 -0.0 0.0 0.0 0.0 -0.0 -0.0 -0.0 0.0 0.0 
1e-08 -0.0 -0.0 0.0 0.0 -0.0 -0.0 0.0 -0.0 -0.0 -0.0 0.0 0.0 -0.0 -0.0 0.0 0.0 -0.0 -0.0 -0.0 0.0 0.0 -0.0 -0.0 -0.0 0.0 0.0 0.0 -0.0 -0.0 -0.0 0.0 0.0 0.0 -0.0 -0.0 -0.0 0.0 0.0 0.0 