1.0 1.0 1.0 1.0 1.0 1.0 1.0 1.0 1.0 1.0 
0.35 0.49 0.5285 0.5369 0.538335 0.538489 0.53847885 0.53846709 0.58846289 0.2084618 
0.169575 0.252385 0.2803185 0.2879177 0.28962281 0.28992143 0.28745112 0.32544644 0.19919074 0.06340397 
0.08693808 0.13250674 0.14934173 0.15446441 0.15591469 0.15335078 0.17376362 0.13834401 0.07201101 0.0218872 
0.04553561 0.07022772 0.07980434 0.08310869 0.08190539 0.09119497 0.08411977 0.0567982 0.02726817 0.00806736 
0.02410087 0.03740665 0.04290582 0.0434944 0.04752447 0.04764307 0.03803688 0.0233365 0.0106597 0.00309705 
0.01281737 0.02011456 0.02242649 0.0245925 0.02587106 0.02316672 0.01677475 0.00966059 0.00426432 0.0012227 
0.0069245 0.01051077 0.01240153 0.01362516 0.01325794 0.01084879 0.00732764 0.00403321 0.00173598 0.00049273 
0.00358423 0.00571305 0.00689317 0.00723235 0.00652142 0.00497634 0.00319095 0.00169732 0.00071647 0.00020172 
0.00194056 0.00317188 0.00373859 0.00369659 0.0031227 0.00225576 0.00138927 0.00071942 0.000299 8.363e-05 
0.00108182 0.00174334 0.00196575 0.00183542 0.00146872 0.00101546 0.00060557 0.00030687 0.00012592 3.502e-05 
0.00059905 0.00093415 0.00100444 0.00089178 0.0006824 0.00045525 0.00026443 0.00013163 5.344e-05 1.479e-05 
0.00032344 0.00048656 0.00050105 0.00042629 0.00031434 0.00020361 0.00011571 5.674e-05 2.283e-05 6.29e-06 
0.00016957 0.00024693 0.00024509 0.00020125 0.0001439 9.095e-05 5.074e-05 2.456e-05 9.81e-06 2.69e-06 
8.652e-05 0.00012258 0.00011801 9.409e-05 6.558e-05 4.059e-05 2.229e-05 1.068e-05 4.23e-06 1.16e-06 
4.313e-05 5.975e-05 5.61e-05 4.365e-05 2.978e-05 1.811e-05 9.81e-06 4.66e-06 1.84e-06 5e-07 
2.11e-05 2.87e-05 2.64e-05 2.013e-05 1.349e-05 8.08e-06 4.33e-06 2.04e-06 8e-07 2.2e-07 
1.016e-05 1.362e-05 1.232e-05 9.24e-06 6.09e-06 3.61e-06 1.91e-06 8.9e-07 3.5e-07 9e-08 
4.83e-06 6.4e-06 5.71e-06 4.22e-06 2.75e-06 1.61e-06 8.5e-07 3.9e-07 1.5e-07 4e-08 
2.27e-06 2.98e-06 2.63e-06 1.92e-06 1.24e-06 7.2e-07 3.7e-07 1.7e-07 7e-08 2e-08 
1.06e-06 1.38e-06 1.21e-06 8.7e-07 5.6e-07 3.2e-07 1.7e-07 8e-08 3e-08 1e-08 
4.9e-07 6.4e-07 5.5e-07 4e-07 2.5e-07 1.4e-07 7e-08 3e-08 1e-08 0.0 
2.3e-07 2.9e-07 2.5e-07 1.8e-07 1.1e-07 6e-08 3e-08 1e-08 1e-08 0.0 
1e-07 1.3e-07 1.1e-07 8e-08 5e-08 3e-08 1e-08 1e-08 0.0 0.0 
5e-08 6e-08 5e-08 4e-08 2e-08 1e-08 1e-08 0.0 0.0 0.0 
2e-08 3e-08 2e-08 2e-08 1e-08 1e-08 0.0 0.0 0.0 0.0 
1e-08 1e-08 1e-08 1e-08 0.0 0.0 0.0 0.0 0.0 0.0 
0.0 1e-08 0.0 0.0 0.0 0.0 0.0 0.0 0.0 0.0 