1.0 1.0 1.0 1.0 1.0 1.0 1.0 1.0 1.0 1.0 
0.1875 0.28125 0.31640625 0.328125 0.33178711 0.33288574 0.33320618 0.33329773 0.39582348 -0.07291937 
0.07397461 0.10437012 0.11178589 0.11242676 0.11189747 0.11147261 0.10735106 0.16585326 -0.05919836 -0.02173517 
0.02670479 0.03612614 0.03766733 0.03745079 0.03742368 0.03181272 0.07335614 -0.03501427 -0.01815989 -0.00145776 
0.00903266 0.01197779 0.01239394 0.0128092 0.00759566 0.03391054 -0.01823064 -0.01146999 -0.00078449 0.00068907 
0.00295611 0.00388 0.00458663 0.00052694 0.01617257 -0.00882273 -0.00655046 -0.00029162 0.00080425 0.00024808 
0.00091431 0.00174754 -0.00107735 0.00785808 -0.00404873 -0.00356682 -8.882e-05 0.00063804 0.00024755 2.188e-05 
0.00071253 -0.00111043 0.00385168 -0.00177072 -0.00189176 -2.78e-05 0.00043009 0.00017968 1.201e-05 -1.069e-05 
-0.00097407 0.00182708 -0.00075563 -0.00099347 -1.735e-05 0.00026418 0.00011474 2.61e-06 -1.421e-05 -4.6e-06 
0.00120428 -0.00017035 -0.00046719 2.4e-07 0.00015857 7.043e-05 -1.18e-06 -1.247e-05 -4.9e-06 -5.2e-07 
-0.00035705 -0.00036954 -5.545e-05 7.02e-05 3.421e-05 -4.7e-06 -1.012e-05 -4.07e-06 -4.4e-07 1.7e-07 
-9.204e-05 1.425e-05 5.97e-05 2.881e-05 4e-07 -5.23e-06 -2.12e-06 6e-08 3.5e-07 1.3e-07 
2.64e-05 3.769e-05 1.665e-05 -7.1e-07 -3.98e-06 -1.7e-06 -7e-08 2.3e-07 1e-07 0.0 
1.12e-05 4.55e-06 -2.69e-06 -3.34e-06 -1.35e-06 -9e-08 1.6e-07 8e-08 1e-08 -0.0 
-3.6e-07 -2.45e-06 -2.12e-06 -7.4e-07 5e-08 1.7e-07 8e-08 1e-08 -0.0 -0.0 
-1.01e-06 -9e-07 -2.3e-07 1.4e-07 1.5e-07 6e-08 1e-08 -0.0 -0.0 -0.0 
-1.8e-07 1e-08 1.3e-07 1e-07 4e-08 0.0 -1e-08 -0.0 -0.0 -0.0 
4e-08 8e-08 5e-08 1e-08 -0.0 -1e-08 -0.0 -0.0 -0.0 0.0 
3e-08 2e-08 0.0 -1e-08 -0.0 -0.0 -0.0 0.0 0.0 0.0 
0.0 -0.0 -0.0 -0.0 -0.0 0.0 0.0 0.0 0.0 0.0 