1.0 1.0 1.0 1.0 1.0 1.0 1.0 1.0 1.0 1.0 
-0.1375 -0.23375 -0.28909375 -0.3194125 -0.33579305 -0.34460654 -0.34934269 -0.35188681 -0.26575328 -0.9052372 
-0.0352043 -0.02374754 0.00907055 0.04308461 0.07055325 0.09032249 0.09599199 0.21638724 -0.29127931 0.4560985 
0.00898627 0.02668053 0.03507297 0.03138713 0.02081362 -0.0076582 0.09778208 -0.33697702 0.29328859 -0.10728637 
0.00886778 0.00800176 -0.00132963 -0.00993162 -0.03636267 0.07909174 -0.27633727 0.26706571 -0.08394139 -0.00166244 
-0.00093326 -0.00671633 -0.00739295 -0.02951307 0.08680347 -0.21277832 0.2450037 -0.06879211 -0.00779996 0.00180617 
-0.0033546 9.636e-05 -0.02234876 0.08586277 -0.1734258 0.20819459 -0.07031378 -0.02146061 -0.00175568 -0.0007058 
0.00453892 -0.02005215 0.07760661 -0.14793297 0.17161436 -0.0704136 -0.02643924 0.00258196 0.0049435 0.00376388 
-0.02423127 0.06534598 -0.12891187 0.14128489 -0.06550764 -0.02414097 0.01003749 0.01033322 0.00528206 -2.962e-05 
0.07519543 -0.09897342 0.12545425 -0.05322853 -0.01688345 0.01706689 0.01266709 0.00332373 -0.00276404 -0.00220344 
-0.13665521 0.07104688 -0.06818321 -0.02733521 0.01033242 0.00540049 -0.00405559 -0.00754629 -0.00439691 -0.00076496 
0.15819026 0.01211161 0.02573514 0.0442164 0.02508555 0.00746196 0.00117241 0.00281658 0.00463123 0.00356913 
-0.1124164 -0.07362952 -0.03224909 -0.03238712 -0.03354256 -0.02566815 -0.01434567 -0.00697888 -0.004605 -0.0052897 
0.03559343 0.06039705 0.04361432 0.02830179 0.02443946 0.02445101 0.02125423 0.015212 0.00853962 0.00861396 
0.01176661 -0.00900755 -0.0223728 -0.02113098 -0.0159077 -0.01407778 -0.01450201 -0.01510459 -0.00967923 -0.01191428 
-0.01317262 -0.01627717 -0.00686158 0.0025658 0.0057417 0.00552326 0.00451411 0.00827207 0.00431489 0.01123233 
-0.00091417 0.00654035 0.01109808 0.00880793 0.00435949 0.00057458 0.00204806 -0.00278309 0.00249909 -0.00643136 
0.00429279 0.00509765 0.00065328 -0.00359333 -0.00561912 -0.00237273 -0.00487212 0.00119656 -0.00511237 0.00114016 
0.0002916 -0.00284741 -0.00453232 -0.00395424 0.00060834 -0.0009638 0.00421112 -0.00154372 0.00318331 0.00150827 
-0.00181531 -0.00196179 -0.00063637 0.00320205 0.00079773 0.00408394 -0.00172853 0.00168682 3.3e-07 -0.00127857 
4.391e-05 0.00077644 0.00318858 -3.64e-05 0.00210722 -0.00294228 0.00023317 -0.00073235 -0.00142829 2.321e-05 
0.00023157 0.00181496 -0.00135109 0.00065524 -0.00308353 0.0002182 -0.00013999 -0.00056966 0.00070095 0.00052311 
0.00121501 -0.00151381 0.00057582 -0.00213346 0.00093383 0.00062856 3.18e-06 0.00081936 0.00041374 -0.00017441 
-0.00202131 0.00031019 -0.001613 0.00104254 0.00061026 -0.00020493 0.00033812 -5.503e-05 -0.0005005 -0.00021473 
0.00187425 -0.00014099 0.00162344 0.00081195 -0.00020441 0.00018106 -0.00010369 -0.00037871 -3.096e-05 0.00017251 
-0.00164643 1.86e-05 -0.00047424 -0.0011015 -0.00044042 -0.00038716 -0.00041709 -1.082e-05 0.0001729 -7.41e-06 
0.00128934 0.000653 -3.255e-05 0.00047178 0.0004289 0.0002583 0.00043339 0.00041057 0.00011462 4.986e-05 
-0.00050706 -0.00090875 -0.00027463 -0.00018893 -0.00028701 -0.00011065 -0.00010002 -0.00029239 -0.00024698 -0.0001847 
-0.0002318 0.00034359 0.00035963 0.00017215 0.00023559 0.00018841 3.23e-06 4.834e-05 8.95e-05 0.00019694 
0.0003829 0.00024701 -3.043e-05 -2.36e-05 -5.895e-05 -0.00018248 -9.899e-05 -4.416e-05 4.848e-05 -0.0001099 
-0.0001116 -0.00028262 -0.0001766 -0.00010649 -0.00013396 -1.302e-05 4.169e-05 0.000107 -4.204e-05 4.364e-05 
-9.868e-05 2.858e-05 9.827e-05 5.353e-05 0.00011658 0.00010651 0.00011167 -4.465e-05 2.105e-05 -1.408e-05 
8.542e-05 0.00010246 1.781e-05 3.564e-05 7.4e-07 -4.1e-07 -0.0001172 -3.255e-05 -3.817e-05 -1.331e-05 
6.1e-06 -6.322e-05 -3.327e-05 -4.393e-05 -1.843e-05 -8.794e-05 8.51e-06 1.25e-05 2.732e-05 2.801e-05 
-4.592e-05 -4.17e-06 -3.09e-06 2.595e-05 -3.005e-05 4.751e-05 3.587e-05 2.825e-05 1.575e-05 -1.246e-05 
3.179e-05 2.095e-05 3.499e-05 -2.199e-05 3.42e-05 1.287e-05 -2.49e-06 -1.194e-05 -2.867e-05 -9.68e-06 
-1.224e-05 2.14e-06 -4.206e-05 9.68e-06 -5.97e-06 -1.538e-05 -1.422e-05 -1.888e-05 2.75e-06 1.084e-05 
1.436e-05 -2.184e-05 2.23e-05 7.43e-06 -1.79e-06 1.32e-06 -1.71e-06 1.383e-05 1.535e-05 1.4e-06 
-2.801e-05 1.173e-05 -7e-07 -8.46e-06 -3.44e-06 -5.06e-06 6.37e-06 5.16e-06 -7.48e-06 -6.74e-06 
2.928e-05 1.195e-05 7.1e-07 3.83e-06 1.1e-06 8.24e-06 5.16e-06 -5.62e-06 -3.5e-06 3.1e-06 
-1.366e-05 -1.836e-05 -9.6e-06 -7.94e-06 -2.2e-07 -1.54e-06 -8.56e-06 -4.36e-06 2.49e-06 -2e-07 
-1.77e-06 6.51e-06 6.37e-06 9.83e-06 6.16e-06 -1e-06 1.91e-06 6.45e-06 2.34e-06 1.22e-06 
5.32e-06 2.45e-06 2.81e-06 -1.22e-06 -6.59e-06 -2.98e-06 1.37e-06 -2.09e-06 -2.48e-06 -2.47e-06 
-2.53e-06 -1.53e-06 -3.23e-06 -5.57e-06 -8.8e-07 3.25e-06 8e-08 -1.8e-07 -0.0 1.87e-06 
1.1e-06 1.5e-07 -1.39e-06 2.29e-06 4.65e-06 6.9e-07 -1.1e-07 -1.7e-07 1.2e-06 -5.4e-07 
-6e-07 -1.7e-06 1.1e-06 2.39e-06 -1.42e-06 -1.78e-06 -1.26e-06 2.9e-07 -9.7e-07 -3e-07 
-8.4e-07 1.25e-06 1.93e-06 -1.39e-06 -1.22e-06 -3e-07 1.13e-06 -5e-08 3.8e-07 5e-07 
1.33e-06 1.47e-06 -1.4e-06 -8.9e-07 1e-07 1.17e-06 -1.1e-07 9e-08 1.3e-07 -2.9e-07 
1.5e-07 -1.9e-06 -9.2e-07 1.6e-07 9.4e-07 -3.1e-07 -1.7e-07 -4e-08 -3.1e-07 -0.0 
-1.36e-06 -1.9e-07 7.1e-07 1.08e-06 -2.2e-07 -1.3e-07 6e-08 -1.4e-07 1.3e-07 1.1e-07 
8.3e-07 1.12e-06 9.6e-07 -3.8e-07 -2.8e-07 -2e-08 -1.4e-07 9e-08 5e-08 -5e-08 
8e-08 -8e-08 -1.02e-06 -6.2e-07 -1.3e-07 -1.3e-07 8e-08 4e-08 -5e-08 -0.0 
-3e-08 -6.2e-07 -9e-08 3.8e-07 2.7e-07 3.1e-07 1.6e-07 2e-08 4e-08 3e-08 
-4.1e-07 9e-08 4e-07 1.5e-07 7e-08 -8e-08 -1.8e-07 -1.1e-07 -7e-08 -6e-08 
3.3e-07 4.3e-07 8e-08 -4e-08 -1.3e-07 -1.4e-07 -2e-08 3e-08 4e-08 7e-08 
5e-08 -2.3e-07 -2.4e-07 -2e-07 -1.1e-07 2e-08 6e-08 4e-08 4e-08 -2e-08 
-1.8e-07 -1e-07 -0.0 7e-08 1.5e-07 1.2e-07 5e-08 2e-08 -3e-08 -1e-08 
6e-08 1.1e-07 1.1e-07 1.1e-07 4e-08 -5e-08 -5e-08 -7e-08 -3e-08 -1e-08 
2e-08 0.0 -1e-08 -6e-08 -1e-07 -6e-08 -4e-08 1e-08 3e-08 2e-08 
-1e-08 -2e-08 -3e-08 -4e-08 1e-08 2e-08 5e-08 4e-08 2e-08 -1e-08 
0.0 -1e-08 -1e-08 3e-08 2e-08 3e-08 1e-08 -1e-08 -3e-08 -2e-08 
-1e-08 -1e-08 2e-08 1e-08 0.0 -1e-08 -2e-08 -2e-08 -0.0 1e-08 
-0.0 2e-08 0.0 -0.0 -1e-08 -1e-08 -1e-08 1e-08 2e-08 0.0 
1e-08 -0.0 -0.0 -1e-08 -0.0 0.0 1e-08 1e-08 -0.0 -1e-08 
-1e-08 -1e-08 -1e-08 -0.0 0.0 1e-08 1e-08 -1e-08 -1e-08 -0.0 
0.0 0.0 1e-08 1e-08 1e-08 0.0 -1e-08 -1e-08 0.0 0.0 