1.0 1.0 1.0 1.0 1.0 1.0 1.0 1.0 1.0 1.0 1.0 1.0 1.0 1.0 1.0 1.0 1.0 1.0 1.0 1.0 1.0 1.0 1.0 1.0 1.0 1.0 1.0 1.0 1.0 1.0 1.0 1.0 1.0 1.0 1.0 1.0 1.0 1.0 1.0 1.0 
0.1875 0.28125 0.31640625 0.328125 0.33178711 0.33288574 0.33320618 0.33329773 0.33332348 0.33333063 0.3333326 0.33333313 0.33333328 0.33333332 0.33333333 0.33333333 0.33333333 0.33333333 0.33333333 0.33333333 0.33333333 0.33333333 0.33333333 0.33333333 0.33333333 0.33333333 0.33333333 0.33333333 0.33333333 0.33333333 0.33333333 0.33333333 0.33333333 0.33333333 0.33333333 0.33333333 0.33333333 0.33333333 0.39583333 -0.07291667 
0.07397461 0.10437012 0.11178589 0.11242676 0.11189747 0.11147261 0.11125731 0.11116576 0.11113046 0.11111769 0.11111328 0.11111181 0.11111133 0.11111118 0.11111113 0.11111112 0.11111111 0.11111111 0.11111111 0.11111111 0.11111111 0.11111111 0.11111111 0.11111111 0.11111111 0.11111111 0.11111111 0.11111111 0.11111111 0.11111111 0.11111111 0.11111111 0.11111111 0.11111111 0.11111111 0.11111111 0.10720486 0.16579861 -0.05921766 -0.02174208 
0.02670479 0.03612614 0.03766733 0.03745079 0.03717954 0.03706174 0.03703005 0.0370276 0.03703107 0.03703404 0.0370357 0.03703649 0.03703682 0.03703696 0.03703701 0.03703703 0.03703703 0.03703704 0.03703704 0.03703704 0.03703704 0.03703704 0.03703704 0.03703704 0.03703704 0.03703704 0.03703704 0.03703704 0.03703704 0.03703704 0.03703704 0.03703704 0.03703704 0.03703704 0.03728118 0.03178801 0.07336313 -0.03500479 -0.01815421 -0.00145379 
0.00903266 0.01197779 0.01240919 0.0123667 0.01232938 0.01232714 0.01233483 0.01234098 0.01234408 0.01234529 0.01234566 0.01234573 0.01234572 0.0123457 0.01234569 0.01234568 0.01234568 0.01234568 0.01234568 0.01234568 0.01234568 0.01234568 0.01234568 0.01234568 0.01234568 0.01234568 0.01234568 0.01234568 0.01234568 0.01234568 0.01234568 0.01234568 0.01233042 0.01278818 0.00761196 0.03392908 -0.01821975 -0.01146549 -0.00078235 0.00068886 
0.00295515 0.00391481 0.00408317 0.00409948 0.00410484 0.00411052 0.00411398 0.0041153 0.00411555 0.00411547 0.00411535 0.00411528 0.00411525 0.00411523 0.00411523 0.00411523 0.00411523 0.00411523 0.00411523 0.00411523 0.00411523 0.00411523 0.00411523 0.00411523 0.00411523 0.00411523 0.00411523 0.00411523 0.00411523 0.00411523 0.00411618 0.00408042 0.00461869 0.00054268 0.01618296 -0.00881799 -0.00654934 -0.0002914 0.00080365 0.00024782 
0.00096342 0.00128837 0.00135637 0.0013683 0.0013713 0.00137229 0.00137237 0.00137215 0.00137194 0.00137181 0.00137176 0.00137174 0.00137174 0.00137174 0.00137174 0.00137174 0.00137174 0.00137174 0.00137174 0.00137174 0.00137174 0.00137174 0.00137174 0.00137174 0.00137174 0.00137174 0.00137174 0.00137174 0.00137168 0.00137436 0.00132395 0.0018314 -0.00106181 0.00786156 -0.00404826 -0.00356744 -8.93e-05 0.0006375 0.00024733 2.187e-05 
0.00031856 0.00042985 0.00045437 0.00045813 0.00045821 0.00045783 0.00045751 0.00045733 0.00045726 0.00045724 0.00045724 0.00045724 0.00045724 0.00045725 0.00045725 0.00045725 0.00045725 0.00045725 0.00045725 0.00045725 0.00045725 0.00045725 0.00045725 0.00045725 0.00045725 0.00045725 0.00045725 0.00045706 0.00046146 0.00040609 0.00082528 -0.00109285 0.00385125 -0.00177263 -0.00189309 -2.839e-05 0.00042974 0.00017957 1.203e-05 -1.068e-05 
0.00010689 0.00014453 0.00015242 0.00015314 0.00015281 0.00015255 0.00015243 0.0001524 0.0001524 0.00015241 0.00015241 0.00015241 0.00015242 0.00015242 0.00015242 0.00015242 0.00015242 0.00015242 0.00015242 0.00015242 0.00015242 0.00015242 0.00015242 0.00015242 0.00015242 0.00015243 0.00015206 0.00015759 0.00010539 0.00042226 -0.0007889 0.00188878 -0.00073711 -0.00098822 -1.582e-05 0.0002646 0.00011489 2.69e-06 -1.418e-05 -4.59e-06 
3.602e-05 4.851e-05 5.092e-05 5.101e-05 5.087e-05 5.08e-05 5.079e-05 5.079e-05 5.08e-05 5.08e-05 5.081e-05 5.081e-05 5.081e-05 5.081e-05 5.081e-05 5.081e-05 5.081e-05 5.081e-05 5.081e-05 5.081e-05 5.081e-05 5.081e-05 5.081e-05 5.08e-05 5.083e-05 5.032e-05 5.617e-05 1.185e-05 0.0002365 -0.00050055 0.00092263 -0.00028639 -0.0005097 -1.434e-05 0.00015376 6.89e-05 -1.65e-06 -1.261e-05 -4.95e-06 -5.4e-07 
1.207e-05 1.618e-05 1.693e-05 1.696e-05 1.693e-05 1.693e-05 1.693e-05 1.693e-05 1.694e-05 1.694e-05 1.694e-05 1.694e-05 1.694e-05 1.694e-05 1.694e-05 1.694e-05 1.694e-05 1.694e-05 1.694e-05 1.694e-05 1.694e-05 1.694e-05 1.693e-05 1.698e-05 1.637e-05 2.189e-05 -1.298e-05 0.00013872 -0.0002969 0.00044723 -9.982e-05 -0.00026022 -1.323e-05 8.581e-05 3.984e-05 -2.7e-06 -9.42e-06 -3.83e-06 -3.6e-07 1.9e-07 
4.01e-06 5.37e-06 5.62e-06 5.64e-06 5.64e-06 5.64e-06 5.64e-06 5.65e-06 5.65e-06 5.65e-06 5.65e-06 5.65e-06 5.65e-06 5.65e-06 5.65e-06 5.65e-06 5.65e-06 5.65e-06 5.65e-06 5.65e-06 5.65e-06 5.64e-06 5.7e-06 5.07e-06 9.84e-06 -1.603e-05 8.253e-05 -0.00016881 0.00021452 -2.765e-05 -0.00013156 -1.097e-05 4.646e-05 2.255e-05 -2.35e-06 -6.38e-06 -2.58e-06 -1.3e-07 2.9e-07 1e-07 
1.33e-06 1.78e-06 1.87e-06 1.88e-06 1.88e-06 1.88e-06 1.88e-06 1.88e-06 1.88e-06 1.88e-06 1.88e-06 1.88e-06 1.88e-06 1.88e-06 1.88e-06 1.88e-06 1.88e-06 1.88e-06 1.88e-06 1.88e-06 1.88e-06 1.94e-06 1.35e-06 5.21e-06 -1.311e-05 4.894e-05 -9.316e-05 0.00010155 -2.63e-06 -6.584e-05 -8.26e-06 2.455e-05 1.26e-05 -1.65e-06 -4.05e-06 -1.61e-06 1e-08 2.7e-07 1.2e-07 2e-08 
4.4e-07 5.9e-07 6.2e-07 6.3e-07 6.3e-07 6.3e-07 6.3e-07 6.3e-07 6.3e-07 6.3e-07 6.3e-07 6.3e-07 6.3e-07 6.3e-07 6.3e-07 6.3e-07 6.3e-07 6.3e-07 6.3e-07 6.2e-07 6.9e-07 1.7e-07 3.13e-06 -9.36e-06 2.869e-05 -5.023e-05 4.732e-05 4.21e-06 -3.26e-05 -5.77e-06 1.271e-05 6.98e-06 -1.03e-06 -2.46e-06 -9.6e-07 7e-08 2.2e-07 9e-08 1e-08 -0.0 
1.5e-07 2e-07 2.1e-07 2.1e-07 2.1e-07 2.1e-07 2.1e-07 2.1e-07 2.1e-07 2.1e-07 2.1e-07 2.1e-07 2.1e-07 2.1e-07 2.1e-07 2.1e-07 2.1e-07 2.1e-07 2e-07 2.7e-07 -1.6e-07 2.01e-06 -6.24e-06 1.658e-05 -2.656e-05 2.164e-05 4.79e-06 -1.595e-05 -3.8e-06 6.45e-06 3.84e-06 -5.9e-07 -1.45e-06 -5.6e-07 7e-08 1.6e-07 7e-08 1e-08 -1e-08 -0.0 
5e-08 7e-08 7e-08 7e-08 7e-08 7e-08 7e-08 7e-08 7e-08 7e-08 7e-08 7e-08 7e-08 7e-08 7e-08 7e-08 7e-08 6e-08 1.2e-07 -2.2e-07 1.32e-06 -3.99e-06 9.44e-06 -1.381e-05 9.66e-06 3.68e-06 -7.7e-06 -2.4e-06 3.22e-06 2.1e-06 -3.1e-07 -8.3e-07 -3.2e-07 6e-08 1.1e-07 4e-08 0.0 -1e-08 -0.0 -0.0 
2e-08 2e-08 2e-08 2e-08 2e-08 2e-08 2e-08 2e-08 2e-08 2e-08 2e-08 2e-08 2e-08 2e-08 2e-08 2e-08 2e-08 6e-08 -1.9e-07 8.6e-07 -2.47e-06 5.29e-06 -7.07e-06 4.19e-06 2.44e-06 -3.66e-06 -1.46e-06 1.58e-06 1.15e-06 -1.6e-07 -4.7e-07 -1.8e-07 4e-08 7e-08 3e-08 -0.0 -1e-08 -0.0 -0.0 0.0 
1e-08 1e-08 1e-08 1e-08 1e-08 1e-08 1e-08 1e-08 1e-08 1e-08 1e-08 1e-08 1e-08 1e-08 1e-08 0.0 4e-08 -1.4e-07 5.6e-07 -1.49e-06 2.92e-06 -3.56e-06 1.74e-06 1.5e-06 -1.71e-06 -8.6e-07 7.6e-07 6.2e-07 -7e-08 -2.6e-07 -1e-07 3e-08 4e-08 2e-08 -0.0 -0.0 -0.0 -0.0 0.0 0.0 
0.0 0.0 0.0 0.0 0.0 0.0 0.0 0.0 0.0 0.0 0.0 0.0 0.0 0.0 -0.0 3e-08 -1e-07 3.6e-07 -8.8e-07 1.59e-06 -1.77e-06 6.9e-07 8.7e-07 -7.8e-07 -5e-07 3.6e-07 3.3e-07 -3e-08 -1.4e-07 -6e-08 2e-08 3e-08 1e-08 -0.0 -0.0 -0.0 -0.0 0.0 0.0 0.0 
0.0 0.0 0.0 0.0 0.0 0.0 0.0 0.0 0.0 0.0 0.0 0.0 0.0 -0.0 2e-08 -7e-08 2.2e-07 -5.2e-07 8.6e-07 -8.7e-07 2.4e-07 4.9e-07 -3.5e-07 -2.8e-07 1.6e-07 1.8e-07 -1e-08 -8e-08 -3e-08 1e-08 1e-08 0.0 -0.0 -0.0 -0.0 -0.0 0.0 0.0 0.0 -0.0 
0.0 0.0 0.0 0.0 0.0 0.0 0.0 0.0 0.0 0.0 0.0 0.0 -0.0 1e-08 -5e-08 1.4e-07 -3e-07 4.5e-07 -4.2e-07 7e-08 2.7e-07 -1.5e-07 -1.5e-07 7e-08 1e-07 -0.0 -4e-08 -2e-08 1e-08 1e-08 0.0 -0.0 -0.0 -0.0 0.0 0.0 0.0 0.0 -0.0 -0.0 
0.0 0.0 0.0 0.0 0.0 0.0 0.0 0.0 0.0 0.0 0.0 -0.0 1e-08 -3e-08 8e-08 -1.7e-07 2.4e-07 -2e-07 1e-08 1.4e-07 -6e-08 -8e-08 3e-08 5e-08 0.0 -2e-08 -1e-08 0.0 0.0 0.0 -0.0 -0.0 -0.0 0.0 0.0 0.0 0.0 -0.0 -0.0 -0.0 
0.0 0.0 0.0 0.0 0.0 0.0 0.0 0.0 -0.0 0.0 -0.0 1e-08 -2e-08 5e-08 -9e-08 1.2e-07 -9e-08 -1e-08 7e-08 -2e-08 -4e-08 1e-08 3e-08 0.0 -1e-08 -1e-08 0.0 0.0 0.0 -0.0 -0.0 -0.0 0.0 0.0 0.0 0.0 -0.0 -0.0 -0.0 0.0 
0.0 0.0 0.0 0.0 0.0 0.0 0.0 -0.0 0.0 -0.0 0.0 -1e-08 3e-08 -5e-08 6e-08 -4e-08 -1e-08 4e-08 -1e-08 -2e-08 0.0 1e-08 0.0 -1e-08 -0.0 0.0 0.0 0.0 -0.0 -0.0 -0.0 0.0 0.0 0.0 0.0 -0.0 -0.0 -0.0 0.0 0.0 
0.0 0.0 0.0 0.0 0.0 0.0 -0.0 0.0 -0.0 0.0 -1e-08 2e-08 -3e-08 3e-08 -2e-08 -1e-08 2e-08 -0.0 -1e-08 0.0 1e-08 0.0 -0.0 -0.0 0.0 0.0 0.0 -0.0 -0.0 -0.0 0.0 0.0 0.0 -0.0 -0.0 -0.0 -0.0 0.0 0.0 0.0 
0.0 0.0 0.0 0.0 0.0 -0.0 0.0 -0.0 0.0 -0.0 1e-08 -2e-08 2e-08 -1e-08 -1e-08 1e-08 0.0 -1e-08 0.0 0.0 0.0 -0.0 -0.0 0.0 0.0 0.0 -0.0 -0.0 -0.0 0.0 0.0 0.0 -0.0 -0.0 -0.0 -0.0 0.0 0.0 0.0 0.0 
0.0 0.0 -0.0 0.0 -0.0 0.0 -0.0 0.0 -0.0 1e-08 -1e-08 1e-08 -0.0 -0.0 0.0 0.0 -0.0 -0.0 0.0 0.0 -0.0 -0.0 0.0 0.0 0.0 -0.0 -0.0 -0.0 0.0 0.0 0.0 -0.0 -0.0 -0.0 -0.0 0.0 0.0 0.0 -0.0 -0.0 