1.0 1.0 1.0 1.0 1.0 1.0 1.0 1.0 1.0 1.0 1.0 1.0 1.0 1.0 1.0 1.0 1.0 1.0 1.0 1.0 
0.025 0.04 0.047125 0.050275 0.05163063 0.05220775 0.05245235 0.05255583 0.05259957 0.05261806 0.05262587 0.05262917 0.05263056 0.05263115 0.0526314 0.0526315 0.05263155 0.05263157 0.12763157 -0.42736842 
0.00796562 0.00928375 0.00770303 0.00585083 0.00450818 0.00369195 0.00323941 0.00300222 0.00288249 0.00282363 0.00279527 0.0027818 0.00277549 0.00277256 0.00277121 0.00277059 -0.00285469 0.08039519 -0.27178563 0.0445832 
0.00100971 0.00014696 -0.00066668 -0.00090843 -0.00077694 -0.00052553 -0.0002916 -0.00011894 -6.2e-06 6.191e-05 0.0001009 0.00012235 0.00013379 0.00013975 0.00056467 -0.00879943 0.06472637 -0.16711693 0.0575181 0.02475303 
-0.00036668 -0.00062536 -0.00050117 -0.00022633 -3.19e-06 0.00011179 0.00014221 0.00012805 9.884e-05 7.011e-05 4.758e-05 3.191e-05 -9.82e-06 0.0009206 -0.00986337 0.04978224 -0.10633811 0.04867631 0.02327392 -0.00206289 
-0.00015429 -6.362e-05 8.843e-05 0.0001607 0.00014778 9.645e-05 4.51e-05 9.85e-06 -8.4e-06 -1.468e-05 -1.208e-05 -9.704e-05 0.0012397 -0.00936089 0.03706687 -0.06940251 0.03620777 0.01671076 -0.00556382 -0.00356015 
3.234e-05 9.222e-05 9.403e-05 5.059e-05 3.9e-06 -2.336e-05 -3.032e-05 -2.53e-05 -1.661e-05 -7e-07 -0.00014433 0.00140786 -0.00816086 0.02712365 -0.04600427 0.02553578 0.01111164 -0.00667486 -0.00419247 -0.00023479 
3.211e-05 2.578e-05 -3.89e-06 -2.547e-05 -2.868e-05 -1.991e-05 -8.57e-06 -9.1e-07 1.88e-05 -0.00018049 0.00141924 -0.00676964 0.01963672 -0.03078982 0.01754358 0.0072351 -0.00622101 -0.00343568 0.00036053 0.00059139 
-3e-07 -1.349e-05 -1.926e-05 -1.352e-05 -3.63e-06 3.72e-06 4.83e-06 2.789e-05 -0.00020776 0.00132276 -0.00543492 0.01411593 -0.02073084 0.01188123 0.00471939 -0.00515194 -0.00242306 0.00082236 0.00084972 0.00015246 
-6.5e-06 -7.7e-06 -2.34e-06 3.48e-06 5.94e-06 2.25e-06 3.081e-05 -0.0002195 0.00117115 -0.00426187 0.01009687 -0.0140098 0.00797706 0.00311439 -0.00399878 -0.00157239 0.00099769 0.00080376 7.405e-05 -9.208e-05 
-1.19e-06 1.47e-06 3.78e-06 3.82e-06 -1.92e-06 3.238e-05 -0.00021537 0.00100043 -0.00328355 0.00719463 -0.00948955 0.00532423 0.00208627 -0.00298609 -0.000967 0.00096829 0.00063135 -4.436e-05 -0.00016624 -5.037e-05 
1.19e-06 1.96e-06 1.63e-06 -4.66e-06 3.362e-05 -0.00019992 0.00083174 -0.00249591 0.00511034 -0.00643696 0.00353739 0.00141881 -0.00217628 -0.00057195 0.00083717 0.00044319 -0.00012669 -0.00018304 -4.743e-05 1.046e-05 
4.6e-07 6.2e-07 -5.79e-06 3.397e-05 -0.00017832 0.00067665 -0.00187732 0.00361979 -0.00436998 0.00234103 0.00097818 -0.00156095 -0.00032775 0.00067546 0.00028669 -0.00016253 -0.00016194 -2.27e-05 2.852e-05 1.358e-05 
5.8e-07 -5.99e-06 3.302e-05 -0.00015447 0.00054079 -0.00140014 0.00255764 -0.00296787 0.0015437 0.00068227 -0.00110749 -0.0001825 0.00052121 0.00017289 -0.00016408 -0.00012561 2.15e-06 3.815e-05 1.662e-05 3.2e-07 
-6.36e-06 3.058e-05 -0.00013093 0.00042587 -0.00103696 0.00180313 -0.00201567 0.00101435 0.00048036 -0.0007798 -9.876e-05 0.00039024 9.698e-05 -0.00014655 -8.869e-05 1.901e-05 3.863e-05 1.262e-05 -3.44e-06 -3.17e-06 
3.134e-05 -0.00010698 0.00033222 -0.00076299 0.00126882 -0.00136852 0.00066414 0.00034065 -0.00054608 -5.181e-05 0.00028612 4.962e-05 -0.00012146 -5.796e-05 2.719e-05 3.338e-05 6.51e-06 -6.74e-06 -4.71e-06 -7.4e-07 
-0.00010478 0.00024718 -0.0005629 0.00088915 -0.00092963 0.00043273 0.00024264 -0.00038096 -2.628e-05 0.00020666 2.179e-05 -9.576e-05 -3.518e-05 2.886e-05 2.591e-05 1.1e-06 -8.23e-06 -4.42e-06 -1.2e-07 6.3e-07 
0.00024291 -0.00038227 0.00063708 -0.00062389 0.00028414 0.00017506 -0.00026419 -1.244e-05 0.00014785 6.57e-06 -7.286e-05 -1.96e-05 2.667e-05 1.85e-05 -2.58e-06 -8.09e-06 -3.19e-06 7.8e-07 1.15e-06 3.2e-07 
-0.0003986 0.00038102 -0.00045568 0.00016732 0.00011735 -0.00018726 -7.61e-06 0.00010392 -1.6e-06 -5.428e-05 -9.78e-06 2.262e-05 1.226e-05 -4.53e-06 -6.96e-06 -1.77e-06 1.44e-06 1.27e-06 2.7e-07 -9e-08 
0.00046208 -0.00019921 0.00016524 0.00011488 -0.00011392 4.3e-06 7.74e-05 -2.73e-06 -3.848e-05 -3.31e-06 1.844e-05 7.7e-06 -5.09e-06 -5.41e-06 -5.5e-07 1.73e-06 1.1e-06 6e-08 -2.3e-07 -1e-07 
-0.00036296 -2.764e-05 5.49e-06 -0.00012075 -1.913e-05 4.207e-05 -1.077e-05 -3.109e-05 -1.98e-06 1.329e-05 3.9e-06 -5.15e-06 -4.05e-06 2e-07 1.66e-06 7.7e-07 -1.6e-07 -3.2e-07 -1.2e-07 0.0 
0.00016449 0.00012486 -1.118e-05 2.967e-05 5.426e-05 5.16e-06 -1.41e-05 4.52e-06 1.244e-05 3.21e-06 -3.75e-06 -2.36e-06 8.9e-07 1.54e-06 5e-07 -2.7e-07 -3e-07 -7e-08 4e-08 3e-08 
-6.49e-06 -7.526e-05 -2.534e-05 7.77e-06 -1.641e-05 -2.181e-05 -3.03e-06 4.78e-06 -9.2e-07 -4.59e-06 -2.29e-06 5.7e-07 9.6e-07 8e-08 -4.1e-07 -2.9e-07 -4e-08 5e-08 3e-08 0.0 
-4.001e-05 -2.17e-06 2.027e-05 2.2e-07 -6.04e-06 5.09e-06 7.96e-06 1.8e-06 -1.64e-06 -2.4e-07 1.39e-06 1.14e-06 1.8e-07 -2.4e-07 -1.3e-07 6e-08 1e-07 5e-08 0.0 -0.0 
1.718e-05 2.354e-05 3.29e-06 -3.91e-06 2.88e-06 4.12e-06 -5.2e-07 -2.49e-06 -8.8e-07 5.3e-07 3.6e-07 -2.7e-07 -4.1e-07 -1.9e-07 1e-08 5e-08 1e-08 -2e-08 -2e-08 -1e-08 
5.28e-06 -6.33e-06 -8.4e-06 -1.19e-06 9.8e-07 -1.51e-06 -2.14e-06 -5e-07 5.9e-07 3.6e-07 -1.3e-07 -2.1e-07 -2e-08 1e-07 8e-08 2e-08 -1e-08 -0.0 0.0 0.0 
-5.81e-06 -5.27e-06 6.9e-07 2.11e-06 -2e-08 -6.7e-07 3.3e-07 8.3e-07 4e-07 -7e-08 -1.3e-07 1e-08 8e-08 5e-08 -0.0 -2e-08 -1e-08 -0.0 0.0 -0.0 
-3.1e-07 2.7e-06 2.57e-06 3.2e-07 -4.1e-07 2e-07 4.5e-07 9e-08 -2.1e-07 -1.8e-07 -3e-08 4e-08 1e-08 -2e-08 -2e-08 -1e-08 0.0 0.0 0.0 0.0 
1.58e-06 1.12e-06 -5.1e-07 -8.1e-07 -1.6e-07 1.3e-07 -7e-08 -2.1e-07 -1.2e-07 2e-08 5e-08 2e-08 -1e-08 -1e-08 0.0 1e-08 1e-08 0.0 0.0 -0.0 
-8e-08 -8.5e-07 -7.3e-07 -7e-08 1.7e-07 2e-08 -8e-08 -2e-08 6e-08 6e-08 2e-08 -1e-08 -1e-08 0.0 0.0 0.0 -0.0 -0.0 -0.0 -0.0 
-4.2e-07 -2.5e-07 1.9e-07 2.7e-07 8e-08 -3e-08 0.0 4e-08 3e-08 -0.0 -2e-08 -1e-08 -0.0 0.0 0.0 -0.0 -0.0 -0.0 0.0 0.0 
4e-08 2.4e-07 2.1e-07 2e-08 -6e-08 -3e-08 1e-08 1e-08 -1e-08 -2e-08 -1e-08 0.0 0.0 0.0 -0.0 -0.0 0.0 0.0 0.0 0.0 
1.1e-07 7e-08 -5e-08 -8e-08 -3e-08 1e-08 1e-08 -1e-08 -1e-08 0.0 0.0 0.0 0.0 -0.0 -0.0 -0.0 0.0 0.0 -0.0 -0.0 
-1e-08 -7e-08 -6e-08 -1e-08 2e-08 1e-08 -0.0 -0.0 0.0 0.0 0.0 -0.0 -0.0 -0.0 -0.0 0.0 0.0 -0.0 -0.0 0.0 
-3e-08 -2e-08 1e-08 2e-08 1e-08 -0.0 -0.0 0.0 0.0 0.0 -0.0 -0.0 -0.0 0.0 0.0 0.0 -0.0 -0.0 0.0 0.0 
0.0 2e-08 2e-08 0.0 -1e-08 -0.0 -0.0 0.0 -0.0 -0.0 -0.0 0.0 0.0 0.0 0.0 -0.0 -0.0 0.0 0.0 -0.0 
1e-08 1e-08 -0.0 -1e-08 -0.0 -0.0 0.0 0.0 -0.0 -0.0 0.0 0.0 0.0 0.0 -0.0 -0.0 -0.0 -0.0 -0.0 -0.0 